[GP] initializeing...
Done
[GP] Evolving...
[GP] Generation 0
0.906228
0.250076
0.0330156
0.314001
0.546324
0.449079
0.691642
0.126989
0.741421
0.706182
0.597023
0.620727
0.473671
0.661162
0.631695
0.634691
0.605633
0.419983
0.691347
0.491945
0.915925
0.554438
0.172526
0.314257
0.224034
0.84632
0.270327
0.0104057
0.54068
0.21912
[Min Report]0.0330156 0.419983 0.0104057
[Max Report]0.906228 0.691347 0.915925
[Avg Report]0.476496 0.582788 0.406803
[Best Report] 0.906228 0.691347 0.915925
[GP] Generation 1
0.906228
0.611312
0.893856
0.577691
0.574911
0.57516
0.691642
0.749183
0.741421
0.706182
0.742603
0.63137
0.762828
0.661162
0.631695
0.634691
0.655208
0.778424
0.691347
0.743066
0.915925
0.554438
0.930308
0.62838
0.758203
0.84632
0.652365
0.961194
0.624325
0.807909
[Min Report]0.574911 0.63137 0.554438
[Max Report]0.906228 0.778424 0.961194
[Avg Report]0.702758 0.693239 0.767937
[Best Report] 0.906228 0.778424 0.961194
[GP] Generation 2
0.906228
0.932693
0.893856
0.935023
0.983974
0.9416
0.927778
0.749183
0.754285
0.892837
0.742603
0.889316
0.762828
0.661162
0.862733
0.804014
0.721289
0.778424
0.691347
0.743066
0.915925
0.963129
0.930308
0.953996
0.91746
0.84632
0.937772
0.961194
0.959016
0.916654
[Min Report]0.749183 0.661162 0.84632
[Max Report]0.983974 0.889316 0.963129
[Avg Report]0.891746 0.765678 0.930177
[Best Report] 0.983974 0.889316 0.963129
[GP] Generation 3
0.930201
0.932693
0.93927
0.935023
0.983974
0.9416
0.927778
0.978264
0.962673
0.958127
0.776224
0.889316
0.762828
0.801296
0.862733
0.804014
0.798253
0.778424
0.801038
0.743066
0.915925
0.963129
0.930308
0.953996
0.91746
0.973744
0.937772
0.961194
0.959016
0.916654
[Min Report]0.927778 0.743066 0.915925
[Max Report]0.983974 0.889316 0.973744
[Avg Report]0.94896 0.801719 0.94292
[Best Report] 0.983974 0.889316 0.973744
[GP] Generation 4
0.970274
0.932693
0.93927
0.935023
0.983974
0.9416
0.976766
0.978264
0.962673
0.958127
0.833389
0.889316
0.894576
0.801296
0.862733
0.804014
0.813858
0.819188
0.801038
0.900709
0.973452
0.963129
0.930308
0.953996
0.91746
0.973744
0.937772
0.961194
0.959016
0.93197
[Min Report]0.932693 0.801038 0.91746
[Max Report]0.983974 0.900709 0.973744
[Avg Report]0.957866 0.842012 0.950204
[Best Report] 0.983974 0.900709 0.973744
[GP] Generation 5
0.970274
0.973368
0.952542
0.972696
0.983974
0.952027
0.976766
0.978264
0.962673
0.958127
0.833389
0.889316
0.894576
0.844843
0.862733
0.84194
0.813858
0.819188
0.856708
0.900709
0.973452
0.963129
0.946076
0.953996
0.971594
0.973744
0.937772
0.961194
0.959016
0.93197
[Min Report]0.952027 0.813858 0.93197
[Max Report]0.983974 0.900709 0.973744
[Avg Report]0.968071 0.855726 0.957194
[Best Report] 0.983974 0.900709 0.973744
[GP] Generation 6
0.970274
0.973368
0.965734
0.972696
0.983974
0.996143
0.976766
0.978264
0.962673
0.96513
0.867081
0.889316
0.894576
0.851249
0.862733
0.859477
0.940063
0.883365
0.856708
0.900709
0.973452
0.963129
0.946076
0.953996
0.971594
0.973744
0.945447
0.961194
0.959016
0.970186
[Min Report]0.962673 0.851249 0.945447
[Max Report]0.996143 0.940063 0.973744
[Avg Report]0.974502 0.880528 0.961783
[Best Report] 0.996143 0.940063 0.973744
[GP] Generation 7
0.977654
0.973368
0.979954
0.972696
0.983974
0.996143
0.976766
0.978264
0.997555
0.9848
0.868786
0.889316
0.894576
0.946808
0.888018
0.908084
0.940063
0.883365
0.926145
0.900709
0.973452
0.963129
0.961952
0.953996
0.971594
0.973744
0.975972
0.961194
0.959016
0.970186
[Min Report]0.972696 0.868786 0.953996
[Max Report]0.997555 0.946808 0.975972
[Avg Report]0.982117 0.904587 0.966423
[Best Report] 0.997555 0.946808 0.975972
[GP] Generation 8
0.977654
0.973368
0.979954
0.97838
0.983974
0.996143
0.976766
0.978264
0.997555
0.9848
0.919588
0.889316
0.894576
0.946808
0.903903
0.908084
0.940063
0.918834
0.926145
0.900709
0.973452
0.963129
0.961952
0.975724
0.971594
0.973744
0.975972
0.961194
0.975236
0.970186
[Min Report]0.973368 0.889316 0.961194
[Max Report]0.997555 0.946808 0.975972
[Avg Report]0.982686 0.914803 0.970218
[Best Report] 0.997555 0.946808 0.975972
[GP] Generation 9
0.977654
0.981951
0.979954
0.97838
0.983974
0.996143
0.976766
0.978264
0.997555
0.9848
0.919588
0.954322
0.952772
0.946808
0.903903
0.908084
0.940063
0.918834
0.926145
0.900709
0.973452
0.963129
0.961952
0.975724
0.971594
0.973744
0.975972
0.961194
0.975236
0.970186
[Min Report]0.976766 0.900709 0.961194
[Max Report]0.997555 0.954322 0.975972
[Avg Report]0.983544 0.927123 0.970218
[Best Report] 0.997555 0.954322 0.975972
[GP] Generation 10
0.977654
0.981951
0.979954
0.97838
0.983974
0.996143
0.976766
0.978264
0.997555
0.9848
0.919588
0.954322
0.952772
0.946808
0.912068
0.908084
0.940063
0.918834
0.926145
0.919138
0.973452
0.964224
0.970911
0.975724
0.971594
0.973744
0.975972
0.974531
0.975236
0.970186
[Min Report]0.976766 0.908084 0.964224
[Max Report]0.997555 0.954322 0.975972
[Avg Report]0.983544 0.929782 0.972557
[Best Report] 0.997555 0.954322 0.975972
[GP] Generation 11
0.981283
0.981951
0.979954
0.97838
0.983974
0.996143
0.982947
0.980967
0.997555
0.9848
0.919588
0.954322
0.952772
0.946808
0.927504
0.935846
0.940063
0.918834
0.926145
0.919138
0.973452
0.995772
0.970911
0.975724
0.971594
0.973744
0.975972
0.974531
0.975236
0.970186
[Min Report]0.97838 0.918834 0.970186
[Max Report]0.997555 0.954322 0.995772
[Avg Report]0.984795 0.934102 0.975712
[Best Report] 0.997555 0.954322 0.995772
[GP] Generation 12
0.981283
0.981951
0.979954
0.978837
0.983974
0.996143
0.982947
0.980967
0.997555
0.9848
0.919588
0.954322
0.952772
0.946808
0.927504
0.935846
0.940063
0.923247
0.926145
0.919138
0.973452
0.995772
0.970911
0.975724
0.971594
0.973744
0.975972
0.974531
0.975236
0.970186
[Min Report]0.978837 0.919138 0.970186
[Max Report]0.997555 0.954322 0.995772
[Avg Report]0.984841 0.934543 0.975712
[Best Report] 0.997555 0.954322 0.995772
[GP] Generation 13
0.981283
0.981951
0.979954
0.978837
0.983974
0.996143
0.982947
0.980967
0.997555
0.9848
0.939167
0.954322
0.952772
0.946808
0.927504
0.935846
0.940063
0.926727
0.926145
0.951859
0.973452
0.995772
0.970911
0.975724
0.971594
0.973744
0.975972
0.974531
0.975236
0.970186
[Min Report]0.978837 0.926145 0.970186
[Max Report]0.997555 0.954322 0.995772
[Avg Report]0.984841 0.940121 0.975712
[Best Report] 0.997555 0.954322 0.995772
[GP] Generation 14
0.981283
0.981951
0.979954
0.97938
0.983974
0.996143
0.982947
0.980967
0.997555
0.9848
0.939167
0.954322
0.952772
0.946808
0.927504
0.935846
0.940063
0.926727
0.928962
0.951859
0.973452
0.995772
0.970911
0.975724
0.971594
0.973744
0.975972
0.974531
0.975236
0.970186
[Min Report]0.97938 0.926727 0.970186
[Max Report]0.997555 0.954322 0.995772
[Avg Report]0.984895 0.940403 0.975712
[Best Report] 0.997555 0.954322 0.995772
[GP] Generation 15
0.981283
0.981951
0.979954
0.99227
0.983974
0.996143
0.982947
0.980967
0.997555
0.9848
0.939167
0.954322
0.952772
0.946808
0.944325
0.936769
0.940063
0.951112
0.939098
0.951859
0.973452
0.995772
0.970911
0.975724
0.971594
0.973744
0.975972
0.974531
0.975236
0.972608
[Min Report]0.979954 0.936769 0.970911
[Max Report]0.997555 0.954322 0.995772
[Avg Report]0.986184 0.945629 0.975955
[Best Report] 0.997555 0.954322 0.995772
[GP] Generation 16
0.981283
0.981951
0.986438
0.99227
0.983974
0.996143
0.982947
0.980967
0.997555
0.9848
0.939167
0.954322
0.952772
0.946808
0.944325
0.963795
0.940063
0.951112
0.939098
0.951859
0.973452
0.995772
0.976505
0.975724
0.971594
0.973744
0.975972
0.974531
0.975236
0.972608
[Min Report]0.980967 0.939098 0.971594
[Max Report]0.997555 0.963795 0.995772
[Avg Report]0.986833 0.948332 0.976514
[Best Report] 0.997555 0.963795 0.995772
[GP] Generation 17
0.981283
0.981951
0.986438
0.99227
0.983974
0.996143
0.982947
0.980967
0.997555
0.9848
0.94552
0.954322
0.952772
0.946808
0.944325
0.963795
0.940063
0.951112
0.969047
0.951859
0.973452
0.995772
0.976505
0.975724
0.971594
0.973744
0.975972
0.974531
0.975236
0.972608
[Min Report]0.980967 0.940063 0.971594
[Max Report]0.997555 0.969047 0.995772
[Avg Report]0.986833 0.951962 0.976514
[Best Report] 0.997555 0.969047 0.995772
[GP] Generation 18
0.981283
0.981951
0.986438
0.99227
0.983974
0.996143
0.982947
0.980967
0.997555
0.9848
0.94552
0.954322
0.952772
0.946808
0.944325
0.963795
0.954082
0.951112
0.969047
0.951859
0.973452
0.995772
0.976505
0.975724
0.971594
0.973744
0.975972
0.974531
0.975236
0.972608
[Min Report]0.980967 0.944325 0.971594
[Max Report]0.997555 0.969047 0.995772
[Avg Report]0.986833 0.953364 0.976514
[Best Report] 0.997555 0.969047 0.995772
[GP] Generation 19
0.981283
0.981951
0.986438
0.99227
0.983974
0.996143
0.982947
0.980967
0.997555
0.9848
0.947702
0.954322
0.952772
0.946808
0.970329
0.963795
0.954082
0.951112
0.969047
0.951859
0.973452
0.995772
0.976505
0.975724
0.971594
0.973744
0.975972
0.974531
0.975236
0.972608
[Min Report]0.980967 0.946808 0.971594
[Max Report]0.997555 0.970329 0.995772
[Avg Report]0.986833 0.956183 0.976514
[Best Report] 0.997555 0.970329 0.995772
[GP] Generation 20
0.981283
0.981951
0.986438
0.99227
0.983974
0.996143
0.982947
0.993416
0.997555
0.9848
0.948691
0.954322
0.952772
0.950817
0.970329
0.963795
0.954082
0.951112
0.969047
0.951859
0.973452
0.995772
0.976505
0.975724
0.971594
0.973744
0.975972
0.974531
0.975236
0.972608
[Min Report]0.981283 0.948691 0.971594
[Max Report]0.997555 0.970329 0.995772
[Avg Report]0.988078 0.956683 0.976514
[Best Report] 0.997555 0.970329 0.995772
[GP] Generation 21
0.982369
0.981951
0.986438
0.99227
0.983974
0.996143
0.982947
0.993416
0.997555
0.9848
0.948691
0.954322
0.952772
0.950817
0.970329
0.963795
0.954082
0.951112
0.969047
0.951859
0.973452
0.995772
0.976505
0.975724
0.971594
0.973744
0.975972
0.974531
0.975236
0.972608
[Min Report]0.981951 0.948691 0.971594
[Max Report]0.997555 0.970329 0.995772
[Avg Report]0.988186 0.956683 0.976514
[Best Report] 0.997555 0.970329 0.995772
[GP] Generation 22
0.982369
0.981951
0.986438
0.99227
0.983974
0.996143
0.982947
0.993416
0.997555
0.9848
0.948691
0.954322
0.952772
0.950817
0.970329
0.963795
0.954082
0.951112
0.969047
0.951859
0.973452
0.995772
0.976505
0.975724
0.971594
0.973744
0.975972
0.974531
0.975236
0.972608
[Min Report]0.981951 0.948691 0.971594
[Max Report]0.997555 0.970329 0.995772
[Avg Report]0.988186 0.956683 0.976514
[Best Report] 0.997555 0.970329 0.995772
[GP] Generation 23
0.982369
0.981951
0.986438
0.99227
0.983974
0.996143
0.982947
0.993416
0.997555
0.9848
0.948691
0.954322
0.952772
0.950817
0.970329
0.963795
0.954082
0.951112
0.969047
0.951859
0.973452
0.995772
0.976505
0.975724
0.978716
0.973744
0.975972
0.974531
0.975236
0.972608
[Min Report]0.981951 0.948691 0.972608
[Max Report]0.997555 0.970329 0.995772
[Avg Report]0.988186 0.956683 0.977226
[Best Report] 0.997555 0.970329 0.995772
[GP] Generation 24
0.982369
0.986184
0.986438
0.99227
0.983974
0.996143
0.982947
0.993416
0.997555
0.9848
0.951426
0.954322
0.952772
0.950817
0.970329
0.963795
0.954082
0.951112
0.969047
0.951859
0.973452
0.995772
0.976505
0.975724
0.978716
0.973744
0.975972
0.974531
0.975236
0.972608
[Min Report]0.982369 0.950817 0.972608
[Max Report]0.997555 0.970329 0.995772
[Avg Report]0.98861 0.956956 0.977226
[Best Report] 0.997555 0.970329 0.995772
[GP] Generation 25
0.992409
0.986184
0.986438
0.99227
0.983974
0.996143
0.983154
0.993416
0.997555
0.9848
0.951426
0.954322
0.952772
0.950817
0.970329
0.963795
0.954082
0.951112
0.969047
0.951859
0.973452
0.995772
0.976505
0.975724
0.978716
0.973744
0.975972
0.974531
0.975236
0.980172
[Min Report]0.983154 0.950817 0.973452
[Max Report]0.997555 0.970329 0.995772
[Avg Report]0.989634 0.956956 0.977982
[Best Report] 0.997555 0.970329 0.995772
[GP] Generation 26
0.992409
0.986184
0.986438
0.99227
0.983974
0.996143
0.987457
0.993416
0.997555
0.9848
0.951426
0.954322
0.952772
0.972359
0.970329
0.963795
0.954082
0.951112
0.969047
0.951859
0.984572
0.995772
0.976505
0.975724
0.978716
0.973744
0.975972
0.974531
0.975236
0.980172
[Min Report]0.983974 0.951112 0.973744
[Max Report]0.997555 0.972359 0.995772
[Avg Report]0.990065 0.95911 0.979094
[Best Report] 0.997555 0.972359 0.995772
[GP] Generation 27
0.992409
0.986184
0.986438
0.99227
0.984948
0.996143
0.987457
0.993416
0.997555
0.9848
0.951426
0.954322
0.952772
0.972359
0.970329
0.963795
0.954082
0.964306
0.969047
0.951859
0.984572
0.995772
0.976505
0.975724
0.978716
0.973744
0.975972
0.974531
0.975236
0.980172
[Min Report]0.9848 0.951426 0.973744
[Max Report]0.997555 0.972359 0.995772
[Avg Report]0.990162 0.96043 0.979094
[Best Report] 0.997555 0.972359 0.995772
[GP] Generation 28
0.992409
0.986184
0.986438
0.99227
0.984948
0.996143
0.987457
0.993416
0.997555
0.988134
0.951426
0.954322
0.952772
0.972359
0.970329
0.963795
0.954082
0.964306
0.969047
0.951859
0.984572
0.995772
0.976505
0.975724
0.978716
0.974728
0.975972
0.974531
0.975236
0.980172
[Min Report]0.984948 0.951426 0.974531
[Max Report]0.997555 0.972359 0.995772
[Avg Report]0.990495 0.96043 0.979193
[Best Report] 0.997555 0.972359 0.995772
[GP] Generation 29
0.992409
0.986184
0.986438
0.99227
0.984948
0.996143
0.987457
0.993416
0.997555
0.988134
0.979539
0.954322
0.952772
0.972359
0.970329
0.963795
0.954082
0.964306
0.969047
0.951859
0.984572
0.995772
0.976505
0.975724
0.978716
0.974728
0.975972
0.9758
0.975236
0.980172
[Min Report]0.984948 0.951859 0.974728
[Max Report]0.997555 0.979539 0.995772
[Avg Report]0.990495 0.963241 0.97932
[Best Report] 0.997555 0.979539 0.995772
[GP] Generation 30
0.992409
0.986184
0.986438
0.99227
0.984948
0.996143
0.987457
0.993416
0.997555
0.988134
0.979539
0.954322
0.952772
0.972359
0.970329
0.963795
0.954082
0.964306
0.969047
0.951859
0.984572
0.995772
0.976505
0.975724
0.978716
0.974728
0.975972
0.9758
0.975236
0.980172
[Min Report]0.984948 0.951859 0.974728
[Max Report]0.997555 0.979539 0.995772
[Avg Report]0.990495 0.963241 0.97932
[Best Report] 0.997555 0.979539 0.995772
[GP] Generation 31
0.992409
0.986184
0.986438
0.99227
0.992907
0.996143
0.987457
0.993416
0.997555
0.988134
0.979539
0.954322
0.952772
0.972359
0.970329
0.963795
0.954082
0.964306
0.969047
0.951859
0.984572
0.995772
0.976505
0.975724
0.978716
0.974728
0.975972
0.9758
0.975236
0.980172
[Min Report]0.986184 0.951859 0.974728
[Max Report]0.997555 0.979539 0.995772
[Avg Report]0.991291 0.963241 0.97932
[Best Report] 0.997555 0.979539 0.995772
[GP] Generation 32
0.992409
0.989328
0.986438
0.99227
0.992907
0.996143
0.987457
0.993416
0.997555
0.988134
0.979539
0.954322
0.952772
0.972359
0.970329
0.963795
0.954082
0.964306
0.969047
0.951859
0.984572
0.995772
0.976505
0.975724
0.978716
0.981983
0.975972
0.9758
0.975236
0.980172
[Min Report]0.986438 0.951859 0.975236
[Max Report]0.997555 0.979539 0.995772
[Avg Report]0.991606 0.963241 0.980045
[Best Report] 0.997555 0.979539 0.995772
[GP] Generation 33
0.992409
0.989328
0.986438
0.99227
0.992907
0.996143
0.987457
0.993416
0.997555
0.988134
0.979539
0.954322
0.952772
0.972359
0.970329
0.963795
0.954082
0.964306
0.969047
0.951859
0.984572
0.995772
0.976505
0.982186
0.978716
0.981983
0.975972
0.9758
0.99405
0.980172
[Min Report]0.986438 0.951859 0.9758
[Max Report]0.997555 0.979539 0.995772
[Avg Report]0.991606 0.963241 0.982573
[Best Report] 0.997555 0.979539 0.995772
[GP] Generation 34
0.992409
0.989328
0.993538
0.99227
0.992907
0.996143
0.987457
0.993416
0.997555
0.988134
0.979539
0.954322
0.956541
0.972359
0.970329
0.963795
0.954082
0.964306
0.969047
0.97961
0.984572
0.995772
0.976505
0.982186
0.978716
0.981983
0.975972
0.9758
0.99405
0.980172
[Min Report]0.987457 0.954082 0.9758
[Max Report]0.997555 0.97961 0.995772
[Avg Report]0.992316 0.966393 0.982573
[Best Report] 0.997555 0.97961 0.995772
[GP] Generation 35
0.992409
0.989328
0.993538
0.99227
0.992907
0.996143
0.995641
0.993416
0.997555
0.990229
0.979539
0.954322
0.956541
0.972359
0.970329
0.963795
0.986596
0.964306
0.969047
0.97961
0.984572
0.995772
0.976505
0.982186
0.978716
0.981983
0.982386
0.988028
0.99405
0.980172
[Min Report]0.989328 0.954322 0.976505
[Max Report]0.997555 0.986596 0.995772
[Avg Report]0.993344 0.969644 0.984437
[Best Report] 0.997555 0.986596 0.995772
[GP] Generation 36
0.992409
1
0.993538
0.99227
0.992907
0.996143
0.995641
0.993416
0.997555
0.990912
0.979539
0.959147
0.956541
0.972359
0.970329
0.963795
0.986596
0.964306
0.969047
0.97961
0.984572
0.995772
0.976505
0.982186
0.978716
0.981983
0.982386
0.988028
0.99405
0.980172
[Min Report]0.990912 0.956541 0.976505
[Max Report]1 0.986596 0.995772
[Avg Report]0.994479 0.970127 0.984437
[Best Report] 1 0.986596 0.995772
[GP] Generation 37
0.992409
1
0.993538
0.992321
0.992907
0.996143
0.995641
0.993416
0.997555
0.993767
0.979539
0.959147
0.970586
0.972359
0.970329
0.963795
0.986596
0.964306
0.969047
0.97961
0.984572
0.995772
0.989769
0.982186
0.978716
0.981983
0.982386
0.988028
0.99405
0.980172
[Min Report]0.992321 0.959147 0.978716
[Max Report]1 0.986596 0.995772
[Avg Report]0.99477 0.971531 0.985763
[Best Report] 1 0.986596 0.995772
[GP] Generation 38
0.992409
1
0.993538
0.992321
0.992907
0.996143
0.995641
0.993416
0.997555
0.993767
0.979539
0.978316
0.970586
0.972359
0.970329
0.970339
0.986596
0.964306
0.969047
0.97961
0.984572
0.995772
0.989769
0.982186
0.994929
0.981983
0.982386
0.988028
0.99405
0.980172
[Min Report]0.992321 0.964306 0.980172
[Max Report]1 0.986596 0.995772
[Avg Report]0.99477 0.974103 0.987385
[Best Report] 1 0.986596 0.995772
[GP] Generation 39
0.992409
1
0.993538
0.995589
0.992907
0.996143
0.995641
0.993416
0.997555
0.993767
0.979539
0.978316
0.970586
0.972359
0.970329
0.970339
0.986596
0.964306
0.969047
0.97961
0.984572
0.995772
0.989769
0.982186
0.994929
0.981983
0.982386
0.988028
0.99405
0.980172
[Min Report]0.992409 0.964306 0.980172
[Max Report]1 0.986596 0.995772
[Avg Report]0.995097 0.974103 0.987385
[Best Report] 1 0.986596 0.995772
[GP] Generation 40
0.992409
1
0.993538
0.995589
0.992907
0.996143
0.995641
0.993416
0.997555
0.993767
0.979539
0.978316
0.970586
0.972359
0.970329
0.970339
0.986596
0.998765
0.969047
0.97961
0.984572
0.995772
0.989769
0.982186
0.994929
0.981983
0.982386
0.988028
0.99405
0.980172
[Min Report]0.992409 0.969047 0.980172
[Max Report]1 0.998765 0.995772
[Avg Report]0.995097 0.977549 0.987385
[Best Report] 1 0.998765 0.995772
[GP] Generation 41
0.993975
1
0.993538
0.995589
0.992907
0.996143
0.995641
0.993416
0.997555
0.993767
0.979539
0.978316
0.970586
0.972359
0.970329
0.970339
0.986596
0.998765
0.981085
0.97961
0.984572
0.995772
0.989769
0.982186
0.994929
0.981983
0.982386
0.988028
0.99405
0.980172
[Min Report]0.992907 0.970329 0.980172
[Max Report]1 0.998765 0.995772
[Avg Report]0.995253 0.978752 0.987385
[Best Report] 1 0.998765 0.995772
[GP] Generation 42
0.993975
1
0.993538
0.995589
0.992907
0.996143
0.995641
0.993416
0.997555
0.993767
0.979539
0.978316
0.970586
0.972359
0.978092
0.973087
0.986596
0.998765
0.981085
0.97961
0.984572
0.995772
0.989769
0.982186
0.994929
0.983051
0.982386
0.988028
0.99405
0.98964
[Min Report]0.992907 0.970586 0.982186
[Max Report]1 0.998765 0.995772
[Avg Report]0.995253 0.979804 0.988438
[Best Report] 1 0.998765 0.995772
[GP] Generation 43
0.993975
1
0.993538
0.995589
0.992907
0.996143
0.995641
0.993416
0.997555
0.993767
0.979539
0.978316
0.970586
0.972359
0.978092
0.973087
0.986596
0.998765
0.981085
0.97961
0.984572
0.995772
0.989769
0.982186
0.994929
0.983051
0.982386
0.988028
0.99405
0.98964
[Min Report]0.992907 0.970586 0.982186
[Max Report]1 0.998765 0.995772
[Avg Report]0.995253 0.979804 0.988438
[Best Report] 1 0.998765 0.995772
[GP] Generation 44
0.993975
1
0.993538
0.995589
0.992907
0.996143
0.995641
0.993416
0.997555
0.993767
0.979539
0.978316
0.972295
0.972359
0.978092
0.973087
0.986596
0.998765
0.981085
0.97961
0.984572
0.995772
0.989769
0.982186
0.994929
0.983051
0.982386
0.988028
0.99405
0.98964
[Min Report]0.992907 0.972295 0.982186
[Max Report]1 0.998765 0.995772
[Avg Report]0.995253 0.979974 0.988438
[Best Report] 1 0.998765 0.995772
[GP] Generation 45
0.993975
1
0.993538
0.995589
0.992907
0.996143
0.995641
0.993416
0.997555
0.993767
0.979539
0.978316
0.972295
0.972359
0.978092
0.973087
0.986596
0.998765
0.981085
0.97961
0.984572
0.995772
0.989769
0.982186
0.994929
0.983051
0.982386
0.988028
0.99405
0.98964
[Min Report]0.992907 0.972295 0.982186
[Max Report]1 0.998765 0.995772
[Avg Report]0.995253 0.979974 0.988438
[Best Report] 1 0.998765 0.995772
[GP] Generation 46
0.993975
1
0.993538
0.995589
0.992907
0.996143
0.995641
0.993416
0.997555
0.993767
0.979539
0.978316
0.984852
0.972359
0.978092
0.973087
0.986596
0.998765
0.981085
0.97961
0.984572
0.995772
0.989769
0.982186
0.994929
0.983051
0.982386
0.988028
0.99405
0.98964
[Min Report]0.992907 0.972359 0.982186
[Max Report]1 0.998765 0.995772
[Avg Report]0.995253 0.98123 0.988438
[Best Report] 1 0.998765 0.995772
[GP] Generation 47
0.993975
1
0.993538
0.995589
0.992907
0.996143
0.995641
0.993416
0.997555
0.993767
0.979539
0.978316
0.984852
0.972359
0.978092
0.973087
0.986596
0.998765
0.981085
0.97961
0.984572
0.995772
0.989769
0.995585
0.994929
0.983051
0.982386
0.988028
0.99405
0.98964
[Min Report]0.992907 0.972359 0.982386
[Max Report]1 0.998765 0.995772
[Avg Report]0.995253 0.98123 0.989778
[Best Report] 1 0.998765 0.995772
[GP] Generation 48
0.993975
1
0.993538
0.995589
0.994413
0.996143
0.995641
0.993416
0.997555
0.993767
0.979539
0.978316
0.984852
0.99328
0.978092
0.973087
0.986596
0.998765
0.981085
0.97961
0.984572
0.995772
0.989769
0.995585
0.994929
0.983051
0.982386
0.988028
0.99405
0.98964
[Min Report]0.993416 0.973087 0.982386
[Max Report]1 0.998765 0.995772
[Avg Report]0.995404 0.983322 0.989778
[Best Report] 1 0.998765 0.995772
[GP] Generation 49
0.993975
1
0.993538
0.995589
0.994413
0.996143
0.995641
0.993416
0.997555
0.993767
0.979539
0.978316
0.984852
0.99328
0.983579
0.993994
0.986596
0.998765
0.981085
0.97961
0.984572
0.995772
0.989769
0.995585
0.994929
0.983051
0.985237
0.988028
0.99405
0.98964
[Min Report]0.993416 0.978316 0.983051
[Max Report]1 0.998765 0.995772
[Avg Report]0.995404 0.985962 0.990063
[Best Report] 1 0.998765 0.995772
[GP] Generation 50
0.993975
1
0.993538
0.995589
0.994413
0.996143
0.995641
0.993416
0.997555
0.993767
0.979539
0.978316
0.984852
0.99328
0.983579
0.993994
0.986596
0.998765
0.981085
0.97961
0.984572
0.995772
0.989769
0.995585
0.994929
0.983051
0.985237
0.988028
0.99405
0.98964
[Min Report]0.993416 0.978316 0.983051
[Max Report]1 0.998765 0.995772
[Avg Report]0.995404 0.985962 0.990063
[Best Report] 1 0.998765 0.995772
[GP] Process terminate
[1;35m[1/3] Start up rabbitmq...[0m
[32m583753563a73a1969f3f88f0f066c57e1912e79205d184f51b4f2ae14b564972[0m
[33m[info] Wait 10 second for service rabbitmq[0m
[33m[info] Wait 9 second for service rabbitmq[0m
[33m[info] Wait 8 second for service rabbitmq[0m
[33m[info] Wait 7 second for service rabbitmq[0m
[33m[info] Wait 6 second for service rabbitmq[0m
[33m[info] Wait 5 second for service rabbitmq[0m
[33m[info] Wait 4 second for service rabbitmq[0m
[33m[info] Wait 3 second for service rabbitmq[0m
[33m[info] Wait 2 second for service rabbitmq[0m
[33m[info] Wait 1 second for service rabbitmq[0m
[1;35m[2/3] Start up robocode-source...[0m
[32m42df73c3139aa25e62af77b9e3c00051c217097186a598d8ad9e5566db5b0c74[0m
[1;35m[3/3] Start up controlengine...[0m
[32m90840ce9600754a3db1f73d4e4a9639a2a8c7cb2797179d66a763ca6c20b3adf[0m
[1;35m[All process state][0m
[33mCONTAINER ID        IMAGE                            COMMAND                CREATED                  STATUS                           PORTS               NAMES
90840ce96007        rf37535/robocode:controlengine   "bash -c 'cd /source   Less than a second ago   Up Less than a second                                controlengine       
42df73c3139a        rf37535/dummy:latest             "/true"                Less than a second ago                                                        robocode-source     
583753563a73        rf37535/rabbitmq:latest          "/docker-entrypoint.   8 seconds ago            Up 10 seconds                    5672/tcp            rabbitmq            
277c13dc156a        rf37535/build:latest             "bash -c 'cd /source   26 seconds ago           Exited (137) 26 seconds ago                          serene_lumiere      
cc6255ed8f40        rf37535/build:latest             "bash -c 'cd /source   20 minutes ago           Exited (137) 3 minutes ago                           sick_shockley       
34db59038212        rf37535/build:latest             "bash -c 'cd /source   About an hour ago        Exited (137) 32 minutes ago                          romantic_brown      
e63aff29c9e5        rf37535/build:latest             "bash -c 'cd /source   About an hour ago        Exited (137) About an hour ago                       hopeful_mayer       
52eac87cd17d        rf37535/build:latest             "bash -c 'cd /source   About an hour ago        Exited (137) About an hour ago                       hungry_shockley     
a2e6ddf8e1c1        rf37535/build:latest             "bash -c 'cd /source   About an hour ago        Exited (137) About an hour ago                       reverent_thompson   
ea61d23ae145        rf37535/build:latest             "bash -c 'cd /source   2 hours ago              Exited (137) About an hour ago                       suspicious_bartik   
311aa8982cd6        rf37535/build:latest             "bash -c 'cd /source   2 hours ago              Exited (137) 2 hours ago                             angry_swartz[0m
[1;35m[info] Building source...[0m
[32m[0m
[1;35m[info] Running...[0m
[32m[0m
[1;35m[info] Building source...[0m
[32m[0m
[1;35m[1/3] Clean up rabbitmq...[0m
[32mrabbitmq[0m
[1;35m[2/3] Clean up robocode-source...[0m
[32mrobocode-source[0m
[1;35m[3/3] Clean up controlengine...[0m
[32mcontrolengine[0m

Done.
