[GP] initializeing...
Done
[GP] Evolving...
[GP] Generation 0
0.619273
0.284625
0.557159
0.360662
0.0875421
0.420849
0.154604
0.0830082
0.745161
0.00743136
0.0623416
0.0606521
0.224047
0.0425648
0.241543
0.178418
0.0868274
0.818426
0.21058
0.0514517
0.0209413
0.0378071
0.480064
0.329283
0.313316
0.337423
0.323583
0.0628571
0.260538
0.195107
[Min Report]0.00743136 0.0425648 0.0209413
[Max Report]0.745161 0.818426 0.480064
[Avg Report]0.332031 0.197685 0.236092
[Best Report] 0.745161 0.818426 0.480064
[GP] Generation 1
0.619273
0.301802
0.557159
0.360662
0.589184
0.420849
0.493119
0.605904
0.745161
0.831293
0.385586
0.405728
0.224047
0.489774
0.241543
0.281883
0.309113
0.818426
0.226028
0.433995
0.591862
0.41505
0.480064
0.329283
0.313316
0.337423
0.323583
0.288384
0.263545
0.269812
[Min Report]0.301802 0.224047 0.263545
[Max Report]0.831293 0.818426 0.591862
[Avg Report]0.552441 0.381612 0.361232
[Best Report] 0.831293 0.818426 0.591862
[GP] Generation 2
0.619273
0.878578
0.720825
0.773954
0.663214
0.768818
0.72493
0.605904
0.745161
0.831293
0.385586
0.405728
0.827302
0.489774
0.764057
0.617913
0.376811
0.818426
0.764201
0.433995
0.591862
0.41505
0.480064
0.329283
0.401317
0.337423
0.371467
0.437056
0.724976
0.588674
[Min Report]0.605904 0.376811 0.329283
[Max Report]0.878578 0.827302 0.724976
[Avg Report]0.733195 0.588379 0.467717
[Best Report] 0.878578 0.827302 0.724976
[GP] Generation 3
0.791044
0.878578
0.760421
0.773954
0.764905
0.768818
0.72493
0.861765
0.745161
0.831293
0.836296
0.831007
0.827302
0.591684
0.764057
0.617913
0.851163
0.818426
0.764201
0.665124
0.591862
0.41505
0.480064
0.585265
0.445296
0.582052
0.571383
0.437056
0.724976
0.588674
[Min Report]0.72493 0.591684 0.41505
[Max Report]0.878578 0.851163 0.724976
[Avg Report]0.790087 0.756717 0.542168
[Best Report] 0.878578 0.851163 0.724976
[GP] Generation 4
0.791044
0.878578
0.888337
0.773954
0.800825
0.768818
0.939883
0.861765
0.936782
0.831293
0.836296
0.831007
0.827302
0.857194
0.82911
0.856094
0.851163
0.818426
0.816715
0.835127
0.591862
0.651672
0.539082
0.585265
0.561238
0.582052
0.571383
0.606578
0.724976
0.588674
[Min Report]0.768818 0.816715 0.539082
[Max Report]0.939883 0.857194 0.724976
[Avg Report]0.847128 0.835843 0.600278
[Best Report] 0.939883 0.857194 0.724976
[GP] Generation 5
0.791044
0.878578
0.888337
0.773954
0.800825
0.856375
0.939883
0.861765
0.936782
0.831293
0.836296
0.831007
0.827302
0.857194
0.82911
0.856094
0.851163
0.818426
0.81801
0.835127
0.591862
0.651672
0.730842
0.585265
0.608381
0.582052
0.578514
0.606578
0.724976
0.588674
[Min Report]0.773954 0.81801 0.578514
[Max Report]0.939883 0.857194 0.730842
[Avg Report]0.855884 0.835973 0.624881
[Best Report] 0.939883 0.857194 0.730842
[GP] Generation 6
0.791044
0.878578
0.888337
0.919839
0.800825
0.856375
0.939883
0.861765
0.936782
0.831293
0.836296
0.831007
0.827302
0.857194
0.82911
0.856094
0.851163
0.839585
0.882067
0.835127
0.591862
0.651672
0.730842
0.711167
0.608381
0.73432
0.735215
0.606578
0.724976
0.669237
[Min Report]0.791044 0.827302 0.591862
[Max Report]0.939883 0.882067 0.735215
[Avg Report]0.870472 0.844494 0.676425
[Best Report] 0.939883 0.882067 0.735215
[GP] Generation 7
0.996881
0.878578
0.888337
0.919839
0.827556
0.856375
0.939883
0.861765
0.936782
0.831293
0.837417
0.890321
0.967064
0.857194
0.90675
0.856094
0.851163
0.839585
0.882067
0.862029
0.841724
0.651672
0.730842
0.711167
0.627448
0.73432
0.735215
0.639898
0.724976
0.669237
[Min Report]0.827556 0.837417 0.627448
[Max Report]0.996881 0.967064 0.841724
[Avg Report]0.893729 0.874968 0.70665
[Best Report] 0.996881 0.967064 0.841724
[GP] Generation 8
0.996881
0.878578
0.888337
0.919839
0.845816
0.856375
0.939883
0.861765
0.936782
0.837902
0.894358
0.890321
0.967064
0.857194
0.90675
0.856094
0.851163
0.855473
0.882067
0.862029
0.841724
0.651672
0.730842
0.711167
0.816417
0.73432
0.735215
0.717956
0.724976
0.669237
[Min Report]0.837902 0.851163 0.651672
[Max Report]0.996881 0.967064 0.841724
[Avg Report]0.896216 0.882251 0.733353
[Best Report] 0.996881 0.967064 0.841724
[GP] Generation 9
0.996881
0.878578
0.888337
0.919839
0.943897
0.899891
0.939883
0.861765
0.936782
1
0.894358
0.890321
0.967064
0.857194
0.90675
0.856094
0.890007
0.856384
0.882067
0.862029
0.841724
0.794781
0.730842
0.711167
0.816417
0.73432
0.735215
0.717956
0.724976
0.68354
[Min Report]0.861765 0.856094 0.68354
[Max Report]1 0.967064 0.841724
[Avg Report]0.926585 0.886227 0.749094
[Best Report] 1 0.967064 0.841724
[GP] Generation 10
0.996881
0.930002
0.888337
0.919839
0.943897
0.899891
0.939883
0.959426
0.936782
1
0.894358
0.890321
0.967064
0.857194
0.90675
0.898341
0.890007
0.856384
0.882067
0.862029
0.841724
0.794781
0.730842
0.711167
0.816417
0.73432
0.735215
0.717956
0.724976
0.859978
[Min Report]0.888337 0.856384 0.711167
[Max Report]1 0.967064 0.859978
[Avg Report]0.941494 0.890452 0.766738
[Best Report] 1 0.967064 0.859978
[GP] Generation 11
0.996881
0.930002
0.888337
0.919839
0.943897
0.899891
0.939883
0.959426
0.936782
1
0.894358
0.890321
0.967064
0.857194
0.90675
0.898341
0.890007
0.896756
0.882067
0.862029
0.841724
0.794781
0.730842
0.875647
0.816417
0.73432
0.735215
0.812892
0.743875
0.859978
[Min Report]0.888337 0.857194 0.730842
[Max Report]1 0.967064 0.875647
[Avg Report]0.941494 0.894489 0.794569
[Best Report] 1 0.967064 0.875647
[GP] Generation 12
0.996881
0.930002
0.888337
0.919839
0.943897
0.899891
0.939883
0.959426
0.936782
1
0.894358
0.890321
0.967064
0.857194
0.90675
0.898341
0.890007
0.896756
0.882067
0.862029
0.841724
0.794781
0.828631
0.875647
0.816417
0.779614
0.735215
0.812892
0.743875
0.859978
[Min Report]0.888337 0.857194 0.735215
[Max Report]1 0.967064 0.875647
[Avg Report]0.941494 0.894489 0.808877
[Best Report] 1 0.967064 0.875647
[GP] Generation 13
0.996881
0.930002
0.921654
0.919839
0.943897
0.899891
0.939883
0.959426
0.936782
1
0.894358
0.890321
0.967064
0.919318
0.90675
0.898341
0.890007
0.896756
0.882067
0.883705
0.841724
0.794781
0.828631
0.875647
0.816417
0.779614
0.893527
0.812892
0.841303
0.859978
[Min Report]0.899891 0.882067 0.779614
[Max Report]1 0.967064 0.893527
[Avg Report]0.944825 0.902869 0.834451
[Best Report] 1 0.967064 0.893527
[GP] Generation 14
0.996881
0.930002
0.921654
0.919839
0.943897
0.980005
0.939883
0.959426
0.936782
1
0.894358
0.890321
0.967064
0.919318
0.90675
0.898341
0.890007
0.896756
0.882067
0.883705
0.841724
0.81114
0.828631
0.875647
0.816417
0.854695
0.893527
0.812892
0.841303
0.859978
[Min Report]0.919839 0.882067 0.81114
[Max Report]1 0.967064 0.893527
[Avg Report]0.952837 0.902869 0.843595
[Best Report] 1 0.967064 0.893527
[GP] Generation 15
0.996881
0.930002
0.921654
0.919839
0.943897
0.980005
0.939883
0.959426
0.936782
1
0.894358
0.890321
0.967064
0.919318
0.90675
0.898341
0.890007
0.896756
0.903627
0.902889
0.841724
0.942305
0.828631
0.875647
0.816417
0.854695
0.893527
0.825049
0.841303
0.859978
[Min Report]0.919839 0.890007 0.816417
[Max Report]1 0.967064 0.942305
[Avg Report]0.952837 0.906943 0.857927
[Best Report] 1 0.967064 0.942305
[GP] Generation 16
0.996881
0.930002
0.991173
0.997094
0.943897
0.980005
0.939883
0.959426
0.936782
1
0.894358
0.890321
0.967064
0.919318
0.90675
0.898341
0.890007
0.896756
0.903627
0.902889
0.841724
0.942305
0.828631
0.875647
0.816417
0.854695
0.893527
0.825049
0.841303
0.859978
[Min Report]0.930002 0.890007 0.816417
[Max Report]1 0.967064 0.942305
[Avg Report]0.967514 0.906943 0.857927
[Best Report] 1 0.967064 0.942305
[GP] Generation 17
0.996881
0.994081
0.991173
0.997094
0.943897
0.980005
0.939883
0.959426
0.936782
1
0.894358
0.890321
0.967064
0.919318
0.90675
0.898341
0.890007
0.896756
0.903627
0.902889
0.841724
0.942305
0.828631
0.875647
0.816417
0.854695
0.893527
0.825049
0.841303
0.859978
[Min Report]0.936782 0.890007 0.816417
[Max Report]1 0.967064 0.942305
[Avg Report]0.973922 0.906943 0.857927
[Best Report] 1 0.967064 0.942305
[GP] Generation 18
0.996881
0.994081
0.991173
0.997094
0.943897
0.980005
0.939883
0.959426
0.956653
1
0.894358
0.890321
0.967064
0.919318
0.90675
0.898341
0.914179
0.896756
0.903627
0.902889
0.841724
0.942305
0.828631
0.875647
0.816417
0.854695
0.893527
0.825049
0.841303
0.859978
[Min Report]0.939883 0.890321 0.816417
[Max Report]1 0.967064 0.942305
[Avg Report]0.975909 0.90936 0.857927
[Best Report] 1 0.967064 0.942305
[GP] Generation 19
0.996881
0.994081
0.991173
0.997094
0.980043
0.980005
0.997004
0.959426
0.956653
1
0.894358
0.890321
0.967064
0.919318
0.90675
0.898341
0.914179
0.896756
0.903627
0.902889
0.841724
0.942305
0.828631
0.875647
0.816417
0.854695
0.893527
0.825049
0.841303
0.859978
[Min Report]0.956653 0.890321 0.816417
[Max Report]1 0.967064 0.942305
[Avg Report]0.985236 0.90936 0.857927
[Best Report] 1 0.967064 0.942305
[GP] Generation 20
0.996881
0.994081
0.991173
0.997094
0.980043
0.980005
0.997004
0.959426
0.956653
1
0.894358
0.890321
0.967064
0.919318
0.90675
0.898341
0.914179
0.896756
0.903627
0.902889
0.841724
0.942305
0.828631
0.875647
0.902839
0.854695
0.893527
0.825049
0.841303
0.859978
[Min Report]0.956653 0.890321 0.825049
[Max Report]1 0.967064 0.942305
[Avg Report]0.985236 0.90936 0.86657
[Best Report] 1 0.967064 0.942305
[GP] Generation 21
0.996881
0.994081
0.991173
0.997094
0.980043
0.980005
0.997004
0.959426
0.997062
1
0.894358
0.890321
0.967064
0.919318
0.90675
0.898341
0.914179
0.896756
0.903627
0.902889
0.841724
0.942305
0.828631
0.875647
0.902839
0.854695
0.893527
0.825049
0.841303
0.859978
[Min Report]0.959426 0.890321 0.825049
[Max Report]1 0.967064 0.942305
[Avg Report]0.989277 0.90936 0.86657
[Best Report] 1 0.967064 0.942305
[GP] Generation 22
0.996881
0.994081
0.991173
0.997094
0.980043
0.980005
0.997004
0.959426
0.997062
1
0.894358
0.890321
0.967064
0.919318
0.90675
0.898341
0.914179
0.896756
0.903627
0.902889
0.841724
0.942305
0.836063
0.875647
0.902839
0.854695
0.893527
0.868666
0.841303
0.859978
[Min Report]0.959426 0.890321 0.836063
[Max Report]1 0.967064 0.942305
[Avg Report]0.989277 0.90936 0.871675
[Best Report] 1 0.967064 0.942305
[GP] Generation 23
0.996881
0.994081
0.991173
0.997094
0.980043
0.980005
0.997004
0.976369
0.997062
1
0.897638
0.939903
0.967064
0.919318
0.90675
0.898341
0.914179
0.896756
0.903627
0.902889
0.841724
0.942305
0.836063
0.875647
0.902839
0.854695
0.893527
0.868666
0.841303
0.859978
[Min Report]0.976369 0.896756 0.836063
[Max Report]1 0.967064 0.942305
[Avg Report]0.990971 0.914647 0.871675
[Best Report] 1 0.967064 0.942305
[GP] Generation 24
0.996881
0.994081
0.991173
0.997094
0.980043
0.980005
0.997004
1
0.997062
1
0.897638
0.939903
0.967064
0.919318
0.90675
0.898341
0.914179
0.896756
0.903627
0.902889
0.841724
0.942305
0.877316
0.875647
0.902839
0.854695
0.893527
0.868666
0.842801
0.859978
[Min Report]0.980005 0.896756 0.841724
[Max Report]1 0.967064 0.942305
[Avg Report]0.993334 0.914647 0.87595
[Best Report] 1 0.967064 0.942305
[GP] Generation 25
0.996881
0.994081
0.991173
0.997094
0.980043
0.980005
0.997004
1
0.997062
1
0.897638
0.939903
0.967064
0.919318
0.90675
0.898341
0.914179
0.896756
0.903627
0.902889
0.841724
0.942305
0.877316
0.875647
0.902839
0.854695
0.893527
0.868666
0.842801
0.859978
[Min Report]0.980005 0.896756 0.841724
[Max Report]1 0.967064 0.942305
[Avg Report]0.993334 0.914647 0.87595
[Best Report] 1 0.967064 0.942305
[GP] Generation 26
0.996881
0.994081
0.991173
0.997094
0.980043
0.980005
0.997004
1
0.997062
1
0.916394
0.939903
0.967064
0.919318
0.90675
0.898341
0.914179
0.92408
0.903627
0.902889
0.862954
0.942305
0.877316
0.875647
0.902839
0.854695
0.893527
0.868666
0.842801
0.859978
[Min Report]0.980005 0.898341 0.842801
[Max Report]1 0.967064 0.942305
[Avg Report]0.993334 0.919254 0.878073
[Best Report] 1 0.967064 0.942305
[GP] Generation 27
0.996881
0.994081
0.991173
0.997094
0.980043
0.980005
0.997004
1
0.997062
1
0.916394
0.939903
0.967064
0.919318
0.90675
0.946188
0.914179
0.92408
0.903627
0.902889
0.862954
0.942305
0.877316
0.875647
0.902839
0.854695
0.893527
0.868666
0.857865
0.859978
[Min Report]0.980005 0.902889 0.854695
[Max Report]1 0.967064 0.942305
[Avg Report]0.993334 0.924039 0.879579
[Best Report] 1 0.967064 0.942305
[GP] Generation 28
0.996881
0.994081
0.991173
0.997094
0.980043
0.980005
0.997004
1
0.997062
1
0.916394
0.939903
0.967064
0.919318
0.90675
0.946188
0.914179
0.92408
0.903627
0.92509
0.862954
0.942305
0.877316
0.875647
0.902839
0.854695
0.893527
0.868666
0.857865
0.859978
[Min Report]0.980005 0.903627 0.854695
[Max Report]1 0.967064 0.942305
[Avg Report]0.993334 0.926259 0.879579
[Best Report] 1 0.967064 0.942305
[GP] Generation 29
0.996881
0.994081
0.991173
0.997094
0.980043
0.988181
0.997004
1
0.997062
1
0.916394
0.939903
0.967064
0.919318
0.90675
0.946188
0.914179
0.92408
0.904107
0.92509
0.862954
0.942305
0.877316
0.875647
0.902839
0.854695
0.893527
0.868666
0.857865
0.859978
[Min Report]0.980043 0.904107 0.854695
[Max Report]1 0.967064 0.942305
[Avg Report]0.994152 0.926307 0.879579
[Best Report] 1 0.967064 0.942305
[GP] Generation 30
0.996881
0.994081
0.991173
0.997094
0.980043
0.988181
0.997004
1
0.997062
1
0.916394
0.939903
0.967064
0.919318
0.90675
0.946188
0.914179
0.92408
0.904107
0.92509
0.862954
0.942305
0.877316
0.875647
0.902839
0.894526
0.893527
0.868666
0.857865
0.859978
[Min Report]0.980043 0.904107 0.857865
[Max Report]1 0.967064 0.942305
[Avg Report]0.994152 0.926307 0.883562
[Best Report] 1 0.967064 0.942305
[GP] Generation 31
0.996881
0.994081
0.991173
0.997094
0.996018
0.991081
0.997004
1
0.997062
1
0.916394
0.939903
0.967064
0.919318
0.90675
0.946188
0.914179
0.92408
0.904107
0.92509
0.862954
0.942305
0.877316
0.875647
0.902839
0.894526
0.893527
0.868666
0.857865
0.859978
[Min Report]0.991081 0.904107 0.857865
[Max Report]1 0.967064 0.942305
[Avg Report]0.996039 0.926307 0.883562
[Best Report] 1 0.967064 0.942305
[GP] Generation 32
0.996881
0.994081
0.991173
0.997094
0.996018
0.991081
0.997004
1
0.997062
1
0.916394
0.939903
0.967064
0.919318
0.90675
0.946188
0.914179
0.92408
0.906639
0.92509
0.862954
0.942305
0.877316
0.875647
0.902839
0.894526
0.893527
0.868666
0.895308
0.859978
[Min Report]0.991081 0.906639 0.859978
[Max Report]1 0.967064 0.942305
[Avg Report]0.996039 0.926561 0.887307
[Best Report] 1 0.967064 0.942305
[GP] Generation 33
0.996881
0.994081
0.991173
0.997094
0.996018
0.991081
0.997004
1
0.997062
1
0.916394
0.939903
0.967064
0.919318
0.94575
0.946188
0.939092
0.92408
0.94918
0.92509
0.862954
0.942305
0.877316
0.875647
0.902839
0.894526
0.893527
0.868666
0.895308
0.859978
[Min Report]0.991081 0.916394 0.859978
[Max Report]1 0.967064 0.942305
[Avg Report]0.996039 0.937206 0.887307
[Best Report] 1 0.967064 0.942305
[GP] Generation 34
0.996881
0.994081
0.991173
0.997094
0.996018
0.997026
0.997004
1
0.997062
1
0.917818
0.939903
0.967064
0.919318
0.94575
0.946188
0.939092
0.92408
0.94918
0.92509
0.862954
0.942305
0.877316
0.875647
0.902839
0.894526
0.893527
0.868666
0.895308
0.876197
[Min Report]0.991173 0.917818 0.862954
[Max Report]1 0.967064 0.942305
[Avg Report]0.996634 0.937348 0.888928
[Best Report] 1 0.967064 0.942305
[GP] Generation 35
0.996881
0.994081
0.99699
0.997094
0.996018
0.997026
0.997004
1
0.997062
1
0.917818
0.939903
0.967064
0.919318
0.94575
0.946188
0.939092
0.92408
0.94918
0.92509
0.887424
0.942305
0.877316
0.875647
0.902839
0.894526
0.893527
0.868666
0.895308
0.876197
[Min Report]0.994081 0.917818 0.868666
[Max Report]1 0.967064 0.942305
[Avg Report]0.997216 0.937348 0.891375
[Best Report] 1 0.967064 0.942305
[GP] Generation 36
0.996881
0.994081
0.99699
0.997094
0.996018
0.997026
0.997004
1
0.997062
1
0.917818
0.939903
0.967064
0.919318
0.94575
0.946188
0.939092
0.92408
0.94918
0.92509
0.887424
0.942305
0.877316
0.875647
0.902839
0.894526
0.893527
0.868666
0.895308
0.876197
[Min Report]0.994081 0.917818 0.868666
[Max Report]1 0.967064 0.942305
[Avg Report]0.997216 0.937348 0.891375
[Best Report] 1 0.967064 0.942305
[GP] Generation 37
0.996881
0.996958
0.99699
0.997094
0.996018
0.997026
0.997004
1
0.997062
1
0.930782
0.939903
0.967064
0.919318
0.94575
0.946188
0.939092
0.92408
0.94918
0.92509
0.887424
0.942305
0.877316
0.875647
0.902839
0.894526
0.893527
0.885785
0.895308
0.876197
[Min Report]0.996018 0.919318 0.875647
[Max Report]1 0.967064 0.942305
[Avg Report]0.997503 0.938645 0.893087
[Best Report] 1 0.967064 0.942305
[GP] Generation 38
0.996881
0.996958
0.99699
0.997094
0.996018
0.997026
0.997004
1
0.997062
1
0.930782
0.939903
0.967064
0.919318
0.94575
0.946188
0.939092
0.92408
0.94918
0.92509
0.887424
0.942305
0.877316
0.875647
0.902839
0.894526
0.893527
0.885785
0.895308
0.876197
[Min Report]0.996018 0.919318 0.875647
[Max Report]1 0.967064 0.942305
[Avg Report]0.997503 0.938645 0.893087
[Best Report] 1 0.967064 0.942305
[GP] Generation 39
0.996881
0.996958
0.99699
0.997094
0.99702
0.997026
0.997004
1
0.997062
1
0.930782
0.939903
0.967064
0.919318
0.94575
0.946188
0.939092
0.92408
0.94918
0.92509
0.887424
0.942305
0.877316
0.875647
0.902839
0.894526
0.893527
0.885785
0.895308
0.876197
[Min Report]0.996881 0.919318 0.875647
[Max Report]1 0.967064 0.942305
[Avg Report]0.997604 0.938645 0.893087
[Best Report] 1 0.967064 0.942305
[GP] Generation 40
0.996881
0.996958
0.99699
0.997094
0.99702
0.997026
0.997004
1
0.997062
1
0.930782
0.939903
0.967064
0.919318
0.94575
0.946188
0.939092
0.92408
0.94918
0.92509
0.887424
0.942305
0.877316
0.876269
0.902839
0.894526
0.893527
0.885785
0.895308
0.876197
[Min Report]0.996881 0.919318 0.876197
[Max Report]1 0.967064 0.942305
[Avg Report]0.997604 0.938645 0.893149
[Best Report] 1 0.967064 0.942305
[GP] Generation 41
1
0.996958
0.99699
0.997094
0.99702
0.997026
0.997004
1
0.997062
1
0.930782
0.939903
0.967064
0.936767
0.94575
0.946188
0.939092
0.92408
0.94918
0.92509
0.887424
0.942305
0.877316
0.876269
0.902839
0.894526
0.893527
0.885785
0.895308
0.876197
[Min Report]0.996958 0.92408 0.876197
[Max Report]1 0.967064 0.942305
[Avg Report]0.997915 0.94039 0.893149
[Best Report] 1 0.967064 0.942305
[GP] Generation 42
1
0.996958
0.99699
0.997094
0.99702
0.997026
0.997004
1
0.997062
1
0.930782
0.939903
0.967064
0.936767
0.94575
0.946188
0.939092
0.934066
0.94918
0.92509
0.887424
0.942305
0.877316
0.876269
0.902839
0.894526
0.893527
0.885785
0.895308
0.876197
[Min Report]0.996958 0.92509 0.876197
[Max Report]1 0.967064 0.942305
[Avg Report]0.997915 0.941388 0.893149
[Best Report] 1 0.967064 0.942305
[GP] Generation 43
1
1
0.99699
0.997094
0.99702
0.997026
0.997004
1
0.997062
1
0.930782
0.939903
0.967064
0.936767
0.94575
0.946188
0.939092
0.934066
0.94918
0.92509
0.887424
0.942305
0.877316
0.876269
0.902839
0.894526
0.893527
0.885785
0.895308
0.926659
[Min Report]0.99699 0.92509 0.876269
[Max Report]1 0.967064 0.942305
[Avg Report]0.99822 0.941388 0.898196
[Best Report] 1 0.967064 0.942305
[GP] Generation 44
1
1
1
0.997094
0.99702
0.997026
0.997004
1
0.997062
1
0.930782
0.939903
0.967064
0.936767
0.94575
0.946188
0.939092
0.934066
0.94918
0.92509
0.887424
0.942305
0.877316
0.876269
0.902839
0.894526
0.893527
0.885785
0.895308
0.926659
[Min Report]0.997004 0.92509 0.876269
[Max Report]1 0.967064 0.942305
[Avg Report]0.998521 0.941388 0.898196
[Best Report] 1 0.967064 0.942305
[GP] Generation 45
1
1
1
0.997094
0.99702
0.997026
0.997004
1
0.997062
1
0.930782
0.939903
0.967064
0.936767
0.94575
0.946188
0.939092
0.934066
0.94918
0.92509
0.887424
0.942305
0.877316
0.876269
0.902839
0.894526
0.893527
0.885785
0.895308
0.926659
[Min Report]0.997004 0.92509 0.876269
[Max Report]1 0.967064 0.942305
[Avg Report]0.998521 0.941388 0.898196
[Best Report] 1 0.967064 0.942305
[GP] Generation 46
1
1
1
0.997094
0.99702
0.997026
0.997004
1
0.997062
1
0.930782
0.939903
0.967064
0.936767
0.94575
0.946188
0.939092
0.934066
0.94918
0.92509
0.887424
0.942305
0.877316
0.876407
0.902839
0.894526
0.893527
0.885785
0.895308
0.926659
[Min Report]0.997004 0.92509 0.876407
[Max Report]1 0.967064 0.942305
[Avg Report]0.998521 0.941388 0.898209
[Best Report] 1 0.967064 0.942305
[GP] Generation 47
1
1
1
0.997094
0.99702
0.997026
0.997004
1
0.997062
1
0.930782
0.939903
0.967064
0.936767
0.94575
0.946188
0.939092
0.934066
0.94918
0.92509
0.887424
0.942305
0.877316
0.934147
0.902839
0.894526
0.893527
0.885785
0.895308
0.926659
[Min Report]0.997004 0.92509 0.877316
[Max Report]1 0.967064 0.942305
[Avg Report]0.998521 0.941388 0.903984
[Best Report] 1 0.967064 0.942305
[GP] Generation 48
1
1
1
0.997094
0.99702
0.997026
0.997004
1
0.997062
1
0.930782
0.939903
0.967064
0.936767
0.94575
0.946188
0.939092
0.934066
0.94918
0.92509
0.887424
0.942305
0.877316
0.934147
0.902839
0.894526
0.893527
0.885785
0.895308
0.926659
[Min Report]0.997004 0.92509 0.877316
[Max Report]1 0.967064 0.942305
[Avg Report]0.998521 0.941388 0.903984
[Best Report] 1 0.967064 0.942305
[GP] Generation 49
1
1
1
0.997094
0.99702
0.997026
0.997099
1
0.997062
1
0.930782
0.939903
0.967064
0.936767
0.94575
0.946188
0.939092
0.934066
0.94918
0.92509
0.887424
0.942305
0.877316
0.934147
0.902839
0.894526
0.893527
0.885785
0.895308
0.926659
[Min Report]0.99702 0.92509 0.877316
[Max Report]1 0.967064 0.942305
[Avg Report]0.99853 0.941388 0.903984
[Best Report] 1 0.967064 0.942305
[GP] Generation 50
1
1
1
0.997094
0.99702
0.997026
0.997099
1
0.997062
1
0.930782
0.939903
0.967064
0.936767
0.94575
0.946188
0.939092
0.934066
0.94918
0.92509
0.887424
0.942305
0.877316
0.934147
0.902839
0.894526
0.893527
0.885785
0.895308
0.926659
[Min Report]0.99702 0.92509 0.877316
[Max Report]1 0.967064 0.942305
[Avg Report]0.99853 0.941388 0.903984
[Best Report] 1 0.967064 0.942305
[GP] Process terminate
[1;35m[1/3] Start up rabbitmq...[0m
[32m9ba505c32c2572f5e8602474a6da2a25d10654922b7ae722f4047fbebc3442f8[0m
[33m[info] Wait 10 second for service rabbitmq[0m
[33m[info] Wait 9 second for service rabbitmq[0m
[33m[info] Wait 8 second for service rabbitmq[0m
[33m[info] Wait 7 second for service rabbitmq[0m
[33m[info] Wait 6 second for service rabbitmq[0m
[33m[info] Wait 5 second for service rabbitmq[0m
[33m[info] Wait 4 second for service rabbitmq[0m
[33m[info] Wait 3 second for service rabbitmq[0m
[33m[info] Wait 2 second for service rabbitmq[0m
[33m[info] Wait 1 second for service rabbitmq[0m
[1;35m[2/3] Start up robocode-source...[0m
[32m4e5c361c8c619aa1a1e341161e60a9252089be1a0afbc5b4ba9bbe8e3976caaa[0m
[1;35m[3/3] Start up controlengine...[0m
[32md2d642b10a5cf49aec78f1a97240310672da779503aac2227855a872358d9cd4[0m
[1;35m[All process state][0m
[33mCONTAINER ID        IMAGE                            COMMAND                CREATED                  STATUS                        PORTS               NAMES
d2d642b10a5c        rf37535/robocode:controlengine   "bash -c 'cd /source   Less than a second ago   Up Less than a second                             controlengine        
4e5c361c8c61        rf37535/dummy:latest             "/true"                Less than a second ago                                                     robocode-source      
ef08c906671c        rf37535/robocode:controlengine   "/bin/bash"            Less than a second ago   Up Less than a second                             silly_curie          
9ba505c32c25        rf37535/rabbitmq:latest          "/docker-entrypoint.   9 seconds ago            Up 10 seconds                 5672/tcp            rabbitmq             
ad2cbc82a04f        rf37535/build:latest             "bash -c 'cd /source   7 minutes ago            Exited (137) 18 seconds ago                       backstabbing_morse   
277c13dc156a        rf37535/build:latest             "bash -c 'cd /source   6 hours ago              Exited (137) 6 hours ago                          serene_lumiere       
cc6255ed8f40        rf37535/build:latest             "bash -c 'cd /source   6 hours ago              Exited (137) 6 hours ago                          sick_shockley        
34db59038212        rf37535/build:latest             "bash -c 'cd /source   7 hours ago              Exited (137) 6 hours ago                          romantic_brown       
e63aff29c9e5        rf37535/build:latest             "bash -c 'cd /source   7 hours ago              Exited (137) 7 hours ago                          hopeful_mayer        
52eac87cd17d        rf37535/build:latest             "bash -c 'cd /source   7 hours ago              Exited (137) 7 hours ago                          hungry_shockley      
a2e6ddf8e1c1        rf37535/build:latest             "bash -c 'cd /source   8 hours ago              Exited (137) 8 hours ago                          reverent_thompson    
ea61d23ae145        rf37535/build:latest             "bash -c 'cd /source   8 hours ago              Exited (137) 8 hours ago                          suspicious_bartik    
311aa8982cd6        rf37535/build:latest             "bash -c 'cd /source   8 hours ago              Exited (137) 8 hours ago                          angry_swartz[0m
[1;35m[info] Building source...[0m
[32m[0m
[1;35m[info] Running...[0m
[32m[0m
[1;35m[info] Building source...[0m
[32m[0m
[1;35m[1/3] Clean up rabbitmq...[0m
[32mrabbitmq[0m
[1;35m[2/3] Clean up robocode-source...[0m
[32mrobocode-source[0m
[1;35m[3/3] Clean up controlengine...[0m
[32mcontrolengine[0m

Done.
