[GP] initializeing...
Done
Write robots, fitness: 0.0156877
Write robots, fitness: 1.1962e-08
Write robots, fitness: 2.74144e-08
[GP] Evolving...
[GP] Generation 0
0.543008
0.434079
0.721153
0.220857
0.204921
0.544169
0.0156877
0.255411
0.65178
0.26592
0.338533
0.298298
0.0411157
0.515754
0.398525
0.715596
1.1962e-08
0.380936
0.320901
0.434794
0.189793
0.356935
0.135515
0.414579
0.210341
0.520965
0.613173
0.120968
0.259073
2.74144e-08
[Min Report]0.0156877 1.1962e-08 2.74144e-08
[Max Report]0.721153 0.715596 0.613173
[Avg Report]0.385699 0.344445 0.282134
[Best Report] 0.721153 0.715596 0.613173
[GP] Generation 1
0.543008
0.434079
0.721153
0.424753
0.539681
0.544169
0.702066
0.359291
0.65178
0.358323
0.417178
0.476343
0.498844
0.515754
0.398525
0.715596
0.571989
0.404387
0.448128
0.434794
0.368553
0.356935
0.513433
0.414579
0.259648
0.520965
0.613173
0.57879
0.259073
0.696647
[Min Report]0.358323 0.398525 0.259073
[Max Report]0.721153 0.715596 0.696647
[Avg Report]0.52783 0.488154 0.45818
[Best Report] 0.721153 0.715596 0.696647
[GP] Generation 2
0.543008
0.497952
0.721153
0.730314
0.539681
0.544169
0.702066
0.796551
0.65178
0.83394
0.562702
0.476343
0.498844
0.515754
0.692798
0.715596
0.571989
0.62209
0.451501
0.4926
0.368553
0.413675
0.513433
0.414579
0.460385
0.520965
0.613173
0.57879
0.590218
0.696647
[Min Report]0.497952 0.451501 0.368553
[Max Report]0.83394 0.715596 0.696647
[Avg Report]0.656061 0.560022 0.517042
[Best Report] 0.83394 0.715596 0.696647
[GP] Generation 3
0.838675
0.872211
0.721153
0.730314
0.854178
0.70008
0.702066
0.796551
0.65178
0.83394
0.562702
0.748035
0.581859
0.56461
0.692798
0.715596
0.571989
0.62209
0.75572
0.742815
0.909757
0.611813
0.513433
0.497427
0.460385
0.520965
0.613173
0.57879
0.590218
0.696647
[Min Report]0.65178 0.562702 0.460385
[Max Report]0.872211 0.75572 0.909757
[Avg Report]0.770095 0.655821 0.599261
[Best Report] 0.872211 0.75572 0.909757
[GP] Generation 4
0.838675
0.872211
0.721153
0.730314
0.854178
0.70008
0.702066
0.796551
0.81381
0.83394
0.832308
0.748035
0.745222
0.772027
0.692798
0.715596
0.752364
0.699706
0.75572
0.742815
0.909757
0.611813
0.623241
0.713811
0.829471
0.579375
0.613173
0.57879
0.590218
0.696647
[Min Report]0.70008 0.692798 0.57879
[Max Report]0.872211 0.832308 0.909757
[Avg Report]0.786298 0.745659 0.67463
[Best Report] 0.872211 0.832308 0.909757
[GP] Generation 5
0.838675
0.872211
0.761693
0.730314
0.854178
0.789445
0.767235
0.796551
0.81381
0.83394
0.832308
0.748035
0.745222
0.772027
0.90195
0.759908
0.752364
0.788961
0.75572
0.742815
0.909757
0.701462
0.623241
0.713811
0.829471
0.856978
0.687129
0.86322
0.728259
0.696647
[Min Report]0.730314 0.742815 0.623241
[Max Report]0.872211 0.90195 0.909757
[Avg Report]0.805805 0.779931 0.760997
[Best Report] 0.872211 0.90195 0.909757
[GP] Generation 6
0.838675
0.872211
0.761693
0.742783
0.854178
0.789445
0.767235
0.796551
0.81381
0.83394
0.832308
0.795456
0.81593
0.772027
0.90195
0.759908
0.775943
0.788961
0.75572
0.857489
0.909757
0.811744
0.887035
0.767977
0.829471
0.856978
0.855034
0.86322
0.728259
0.851719
[Min Report]0.742783 0.75572 0.728259
[Max Report]0.872211 0.90195 0.909757
[Avg Report]0.807052 0.805569 0.836119
[Best Report] 0.872211 0.90195 0.909757
[GP] Generation 7
0.838675
0.872211
0.761693
0.755452
0.854178
0.789445
0.767235
0.796551
0.81381
0.83394
0.832308
0.795456
0.81593
0.772027
0.90195
0.769547
0.775943
0.788961
0.811015
0.857489
0.909757
0.811744
0.887035
0.767977
0.829471
0.856978
0.855034
0.86322
0.866349
0.851719
[Min Report]0.755452 0.769547 0.767977
[Max Report]0.872211 0.90195 0.909757
[Avg Report]0.808319 0.812063 0.849928
[Best Report] 0.872211 0.90195 0.909757
[GP] Generation 8
0.838675
0.872211
0.761693
0.758929
0.854178
0.789445
0.767235
0.796551
0.81381
0.83394
0.832308
0.795456
0.81593
0.772027
0.90195
0.856146
0.775943
0.788961
0.811015
0.857489
0.909757
0.815219
0.887035
0.924309
0.829471
0.856978
0.855034
0.86322
0.866349
0.851719
[Min Report]0.758929 0.772027 0.815219
[Max Report]0.872211 0.90195 0.924309
[Avg Report]0.808667 0.820722 0.865909
[Best Report] 0.872211 0.90195 0.924309
[GP] Generation 9
0.838675
0.872211
0.761693
0.802794
0.854178
0.789445
0.767235
0.796551
0.81381
0.83394
0.832308
0.795456
0.81593
0.772027
0.90195
0.856146
0.775943
0.788961
0.811015
0.857489
0.909757
0.938685
0.887035
0.924309
0.918438
0.856978
0.855034
0.86322
0.866349
0.851719
[Min Report]0.761693 0.772027 0.851719
[Max Report]0.872211 0.90195 0.938685
[Avg Report]0.813053 0.820722 0.887152
[Best Report] 0.872211 0.90195 0.938685
[GP] Generation 10
0.838675
0.872211
0.839514
0.802794
0.854178
0.791729
0.814041
0.796551
0.81381
0.83394
0.832308
0.820372
0.81593
0.860082
0.90195
0.856146
0.857073
0.831253
0.811015
0.857489
0.909757
0.938685
0.887035
0.924309
0.918438
0.856978
0.883682
0.86322
0.866349
0.886534
[Min Report]0.791729 0.811015 0.856978
[Max Report]0.872211 0.90195 0.938685
[Avg Report]0.825744 0.844362 0.893499
[Best Report] 0.872211 0.90195 0.938685
[GP] Generation 11
0.838675
0.872211
0.839514
0.802794
0.854178
0.791729
0.814041
0.796551
0.81381
0.83394
0.832308
0.820372
0.81593
0.860082
0.90195
0.856146
0.857073
0.831253
0.819407
0.857489
0.909757
0.938685
0.887035
0.924309
0.918438
0.873393
0.883682
0.86322
0.866349
0.886534
[Min Report]0.791729 0.81593 0.86322
[Max Report]0.872211 0.90195 0.938685
[Avg Report]0.825744 0.845201 0.89514
[Best Report] 0.872211 0.90195 0.938685
[GP] Generation 12
0.838675
0.872211
0.839514
0.802794
0.854178
0.796498
0.814041
0.796551
0.81381
0.83394
0.832308
0.835925
0.856501
0.860082
0.90195
0.856146
0.857073
0.831253
0.840968
0.857489
0.909757
0.938685
0.887035
0.924309
0.918438
0.873393
0.883682
0.910539
0.893585
0.886534
[Min Report]0.796498 0.831253 0.873393
[Max Report]0.872211 0.90195 0.938685
[Avg Report]0.826221 0.852969 0.902596
[Best Report] 0.872211 0.90195 0.938685
[GP] Generation 13
0.838675
0.872211
0.839514
0.802794
0.854178
0.796498
0.814041
0.796551
0.81381
0.83394
0.93575
0.873868
0.856501
0.860082
0.90195
0.856146
0.857073
0.982381
0.840968
0.857489
0.909757
0.938685
0.887035
0.924309
0.918438
0.873393
0.883682
0.910539
0.893585
0.886534
[Min Report]0.796498 0.840968 0.873393
[Max Report]0.872211 0.982381 0.938685
[Avg Report]0.826221 0.882221 0.902596
[Best Report] 0.872211 0.982381 0.938685
[GP] Generation 14
0.838675
0.872211
0.839514
0.802794
0.854178
0.828654
0.814041
0.796551
0.81381
0.83394
0.93575
0.873868
0.856501
0.860082
0.90195
0.856146
0.857073
0.982381
0.840968
0.857489
0.909757
0.938685
0.887035
0.924309
0.918438
0.896112
0.883682
0.910539
0.893585
0.886534
[Min Report]0.796551 0.840968 0.883682
[Max Report]0.872211 0.982381 0.938685
[Avg Report]0.829437 0.882221 0.904868
[Best Report] 0.872211 0.982381 0.938685
[GP] Generation 15
0.838675
0.872211
0.839514
0.802794
0.854178
0.828654
0.814041
0.811384
0.81381
0.83394
0.93575
0.873868
0.856501
0.860082
0.90195
0.856146
0.857073
0.982381
0.840968
0.857489
0.909757
0.938685
0.887035
0.924309
0.918438
0.896112
0.883682
0.910539
0.893585
0.886534
[Min Report]0.802794 0.840968 0.883682
[Max Report]0.872211 0.982381 0.938685
[Avg Report]0.83092 0.882221 0.904868
[Best Report] 0.872211 0.982381 0.938685
[GP] Generation 16
0.838675
0.872211
0.839514
0.942118
0.854178
0.828654
0.814041
0.813673
0.81381
0.83394
0.93575
0.873868
0.856501
0.860082
0.90195
0.856146
0.857073
0.982381
0.842546
0.857489
0.909757
0.938685
0.887035
0.924309
0.918438
0.896112
0.899283
0.910539
0.893585
0.888776
[Min Report]0.813673 0.842546 0.887035
[Max Report]0.942118 0.982381 0.938685
[Avg Report]0.845081 0.882379 0.906652
[Best Report] 0.942118 0.982381 0.938685
[GP] Generation 17
0.838675
0.872211
0.839514
0.942118
0.854178
0.828654
0.814041
0.854678
0.81381
0.83394
0.93575
0.873868
0.856501
0.860082
0.90195
0.856146
0.857073
0.982381
0.914305
0.857489
0.909757
0.938685
0.887035
0.924309
0.918438
0.896112
0.899283
0.910539
0.893585
0.888776
[Min Report]0.81381 0.856146 0.887035
[Max Report]0.942118 0.982381 0.938685
[Avg Report]0.849182 0.889555 0.906652
[Best Report] 0.942118 0.982381 0.938685
[GP] Generation 18
0.838675
0.872211
0.839514
0.942118
0.854178
0.828654
0.814041
0.854678
0.81381
0.83394
0.93575
0.873868
0.856501
0.860082
0.90195
0.856146
0.857073
0.982381
0.914305
0.857489
0.909757
0.938685
0.916305
0.924309
0.918438
0.896112
0.899283
0.910539
0.893585
0.888776
[Min Report]0.81381 0.856146 0.888776
[Max Report]0.942118 0.982381 0.938685
[Avg Report]0.849182 0.889555 0.909579
[Best Report] 0.942118 0.982381 0.938685
[GP] Generation 19
0.838675
0.872211
0.839514
0.942118
0.854178
0.828654
0.814041
0.854678
0.863233
0.83394
0.93575
0.873868
0.856501
0.860082
0.90195
0.899245
0.857073
0.982381
0.914305
0.857489
0.909757
0.938685
0.916305
0.924309
0.918438
0.896112
0.899283
0.910539
0.893585
0.888776
[Min Report]0.814041 0.856501 0.888776
[Max Report]0.942118 0.982381 0.938685
[Avg Report]0.854124 0.893864 0.909579
[Best Report] 0.942118 0.982381 0.938685
[GP] Generation 20
0.838675
0.872211
0.839514
0.942118
0.854178
0.848685
0.924832
0.854678
0.863233
0.83394
0.93575
0.873868
0.892725
0.860082
0.90195
0.899245
0.857073
0.982381
0.914305
0.857489
0.909757
0.938685
0.916305
0.924309
0.918438
0.896112
0.899283
0.910539
0.893585
0.888776
[Min Report]0.83394 0.857073 0.888776
[Max Report]0.942118 0.982381 0.938685
[Avg Report]0.867206 0.897487 0.909579
[Best Report] 0.942118 0.982381 0.938685
[GP] Generation 21
0.838675
0.872211
0.839514
0.942118
0.854178
0.848685
0.924832
0.854678
0.863233
0.873134
0.93575
0.873868
0.892725
0.860082
0.90195
0.899245
0.857073
0.982381
0.914305
0.857489
0.909757
0.938685
0.916305
0.924309
0.918438
0.896112
0.899283
0.910539
0.893585
0.920174
[Min Report]0.838675 0.857073 0.893585
[Max Report]0.942118 0.982381 0.938685
[Avg Report]0.871126 0.897487 0.912719
[Best Report] 0.942118 0.982381 0.938685
[GP] Generation 22
0.961536
0.872211
0.955153
0.942118
0.854178
0.848685
0.924832
0.854678
0.863233
0.873134
0.93575
0.873868
0.892725
0.860082
0.90195
0.899245
0.857073
0.982381
0.914305
0.857489
0.909757
0.938685
0.916305
0.924309
0.918438
0.896112
0.899283
0.910539
0.893585
0.920174
[Min Report]0.848685 0.857073 0.893585
[Max Report]0.961536 0.982381 0.938685
[Avg Report]0.894976 0.897487 0.912719
[Best Report] 0.961536 0.982381 0.938685
[GP] Generation 23
0.961536
0.873675
0.955153
0.942118
0.935051
0.963065
0.924832
0.904126
0.897631
0.873134
0.93575
0.873868
0.892725
0.860082
0.90195
0.899245
0.857073
0.982381
0.914305
0.857489
0.909757
0.938685
0.916305
0.924309
0.918438
0.940309
0.899283
0.910539
0.94503
0.920174
[Min Report]0.873134 0.857073 0.899283
[Max Report]0.963065 0.982381 0.94503
[Avg Report]0.923032 0.897487 0.922283
[Best Report] 0.963065 0.982381 0.94503
[GP] Generation 24
0.961536
0.873675
0.955153
0.942118
0.935051
0.963065
0.924832
0.904126
0.897631
0.889471
0.93575
0.873868
0.892725
0.860082
0.90195
0.899245
0.896807
0.982381
0.914305
0.857489
0.909757
0.938685
0.916305
0.924309
0.918438
0.940309
0.899283
0.910539
0.94503
0.920174
[Min Report]0.873675 0.857489 0.899283
[Max Report]0.963065 0.982381 0.94503
[Avg Report]0.924666 0.90146 0.922283
[Best Report] 0.963065 0.982381 0.94503
[GP] Generation 25
0.961536
0.921112
0.955153
0.942118
0.935051
0.963065
0.924832
0.904126
0.897631
0.889471
0.93575
0.873868
0.892725
0.860082
0.90195
0.899245
0.896807
0.982381
0.914305
0.864902
0.924596
0.938685
0.916305
0.924309
0.918438
0.940309
0.924962
0.910539
0.94503
0.920174
[Min Report]0.889471 0.860082 0.910539
[Max Report]0.963065 0.982381 0.94503
[Avg Report]0.929409 0.902202 0.926335
[Best Report] 0.963065 0.982381 0.94503
[GP] Generation 26
0.961536
0.921112
0.955153
0.942118
0.935051
0.963065
0.924832
0.904126
0.897631
0.889471
0.93575
0.873868
0.892725
0.949769
0.90195
0.899245
0.896807
0.982381
0.914305
0.87604
0.924596
0.938685
0.916305
0.924309
0.918438
0.940309
0.924962
0.971821
0.94503
0.920174
[Min Report]0.889471 0.873868 0.916305
[Max Report]0.963065 0.982381 0.971821
[Avg Report]0.929409 0.912284 0.932463
[Best Report] 0.963065 0.982381 0.971821
[GP] Generation 27
0.961536
0.921112
0.955153
0.942118
0.935051
0.963065
0.924832
0.904126
0.897631
0.889471
0.93575
0.873868
0.892725
0.949769
0.90195
0.899245
0.896807
0.982381
0.914305
0.87604
0.924596
0.938685
0.936923
0.924309
0.918438
0.940309
0.924962
0.971821
0.94503
0.920174
[Min Report]0.889471 0.873868 0.918438
[Max Report]0.963065 0.982381 0.971821
[Avg Report]0.929409 0.912284 0.934525
[Best Report] 0.963065 0.982381 0.971821
[GP] Generation 28
0.961536
0.921112
0.955153
0.942118
0.935051
0.963065
0.924832
0.904126
0.897631
0.908371
0.93575
0.873868
0.892725
0.949769
0.90195
0.899245
0.896807
0.982381
0.914305
0.87604
0.924596
0.938685
0.936923
0.924309
0.918438
0.940309
0.924962
0.971821
0.94503
0.920174
[Min Report]0.897631 0.873868 0.918438
[Max Report]0.963065 0.982381 0.971821
[Avg Report]0.931299 0.912284 0.934525
[Best Report] 0.963065 0.982381 0.971821
[GP] Generation 29
0.961536
0.921112
0.955153
0.942118
0.935051
0.963065
0.924832
0.904126
0.962384
0.908371
0.93575
0.89031
0.892725
0.949769
0.90195
0.899245
0.896807
0.982381
0.914305
0.87604
0.924596
0.938685
0.936923
0.924309
0.921158
0.940309
0.924962
0.971821
0.94503
0.920174
[Min Report]0.904126 0.87604 0.920174
[Max Report]0.963065 0.982381 0.971821
[Avg Report]0.937775 0.913928 0.934797
[Best Report] 0.963065 0.982381 0.971821
[GP] Generation 30
0.961536
0.921112
0.955153
0.942118
0.935051
0.963065
0.924832
0.939819
0.962384
0.908371
0.93575
0.89031
0.892725
0.949769
0.90195
0.899245
0.896807
0.982381
0.914305
0.918571
0.924596
0.938685
0.936923
0.924309
0.921158
0.940309
0.924962
0.971821
0.94503
0.920174
[Min Report]0.908371 0.89031 0.920174
[Max Report]0.963065 0.982381 0.971821
[Avg Report]0.941344 0.918181 0.934797
[Best Report] 0.963065 0.982381 0.971821
[GP] Generation 31
0.961536
0.921112
0.955153
0.942118
0.935051
0.963065
0.924832
0.939819
0.962384
0.933625
0.93575
0.89031
0.892725
0.949769
0.90195
0.899245
0.896807
0.982381
0.914305
0.918571
0.924596
0.938685
0.936923
0.924309
0.921158
0.940309
0.924962
0.971821
0.94503
0.920174
[Min Report]0.921112 0.89031 0.920174
[Max Report]0.963065 0.982381 0.971821
[Avg Report]0.943869 0.918181 0.934797
[Best Report] 0.963065 0.982381 0.971821
[GP] Generation 32
0.961536
0.929528
0.955153
0.942118
0.935051
0.963065
0.924832
0.939819
0.962384
0.933625
0.93575
0.89031
0.892725
0.949769
0.90195
0.899245
0.896807
0.982381
0.914305
0.918571
0.924596
0.938685
0.936923
0.924309
0.921158
0.940309
0.924962
0.971821
0.94503
0.920174
[Min Report]0.924832 0.89031 0.920174
[Max Report]0.963065 0.982381 0.971821
[Avg Report]0.944711 0.918181 0.934797
[Best Report] 0.963065 0.982381 0.971821
[GP] Generation 33
0.961536
0.929528
0.955153
0.942118
0.935051
0.963065
0.924832
0.939819
0.962384
0.933625
0.93575
0.89031
0.892725
0.949769
0.90195
0.899245
0.896807
0.982381
0.914305
0.918571
0.924596
0.938685
0.936923
0.924309
0.921158
0.940309
0.924962
0.971821
0.94503
0.920174
[Min Report]0.924832 0.89031 0.920174
[Max Report]0.963065 0.982381 0.971821
[Avg Report]0.944711 0.918181 0.934797
[Best Report] 0.963065 0.982381 0.971821
[GP] Generation 34
0.961536
0.945183
0.955153
0.942118
0.935051
0.963065
0.982737
0.939819
0.962384
0.933625
0.93575
0.89031
0.892725
0.949769
0.90195
0.899245
0.896807
0.982381
0.914305
0.918571
0.924596
0.938685
0.936923
0.924309
0.921158
0.940309
0.924962
0.971821
0.94503
0.920174
[Min Report]0.933625 0.89031 0.920174
[Max Report]0.982737 0.982381 0.971821
[Avg Report]0.952067 0.918181 0.934797
[Best Report] 0.982737 0.982381 0.971821
[GP] Generation 35
0.961536
0.945183
0.955153
0.942118
0.935051
0.963065
0.982737
0.939819
0.962384
0.933625
0.93575
0.89031
0.892725
0.949769
0.90195
0.899245
0.896807
0.982381
0.914305
0.918571
0.924596
0.938685
0.936923
0.924309
0.921158
0.940309
0.924962
0.971821
0.94503
0.920174
[Min Report]0.933625 0.89031 0.920174
[Max Report]0.982737 0.982381 0.971821
[Avg Report]0.952067 0.918181 0.934797
[Best Report] 0.982737 0.982381 0.971821
[GP] Generation 36
0.961536
0.945183
0.955153
0.942118
0.935051
0.963065
0.982737
0.939819
0.962384
0.933625
0.93575
0.89404
0.892725
0.949769
0.90195
0.899245
0.896807
0.982381
0.914305
0.918571
0.924596
0.938685
0.936923
0.924309
0.921158
0.940309
0.924962
0.971821
0.94503
0.920174
[Min Report]0.933625 0.892725 0.920174
[Max Report]0.982737 0.982381 0.971821
[Avg Report]0.952067 0.918554 0.934797
[Best Report] 0.982737 0.982381 0.971821
[GP] Generation 37
0.961536
0.945183
0.955153
0.942118
0.935051
0.963065
0.982737
0.939819
0.962384
0.933625
0.93575
0.89404
0.906192
0.949769
0.90195
0.899245
0.896807
0.982381
0.914305
0.918571
0.924596
0.938685
0.936923
0.924309
0.921158
0.940309
0.924962
0.971821
0.94503
0.920174
[Min Report]0.933625 0.89404 0.920174
[Max Report]0.982737 0.982381 0.971821
[Avg Report]0.952067 0.919901 0.934797
[Best Report] 0.982737 0.982381 0.971821
[GP] Generation 38
0.961536
0.945183
0.955153
0.942118
0.935051
0.963065
0.982737
0.939819
0.962384
0.933625
0.93575
0.903923
0.906192
0.949769
0.90195
0.899245
0.896807
0.982381
0.914305
0.918571
0.924596
0.938685
0.936923
0.924309
0.921158
0.940309
0.924962
0.971821
0.94503
0.920174
[Min Report]0.933625 0.896807 0.920174
[Max Report]0.982737 0.982381 0.971821
[Avg Report]0.952067 0.920889 0.934797
[Best Report] 0.982737 0.982381 0.971821
[GP] Generation 39
0.961536
0.945183
0.955153
0.942118
0.935051
0.963065
0.982737
0.939819
0.962384
0.933625
0.93575
0.903923
0.906192
0.949769
0.90195
0.899245
0.896807
0.982381
0.914305
0.918571
0.924596
0.938685
0.936923
0.924309
0.921158
0.940309
0.924962
0.971821
0.94503
0.920174
[Min Report]0.933625 0.896807 0.920174
[Max Report]0.982737 0.982381 0.971821
[Avg Report]0.952067 0.920889 0.934797
[Best Report] 0.982737 0.982381 0.971821
[GP] Generation 40
0.961536
0.945183
0.955153
0.942118
0.935051
0.963065
0.982737
0.939819
0.962384
0.933625
0.93575
0.903923
0.906192
0.949769
0.90195
0.899245
0.896807
0.982381
0.914305
0.918571
0.924596
0.938685
0.936923
0.924309
0.921158
0.940309
0.924962
0.971821
0.94503
0.920174
[Min Report]0.933625 0.896807 0.920174
[Max Report]0.982737 0.982381 0.971821
[Avg Report]0.952067 0.920889 0.934797
[Best Report] 0.982737 0.982381 0.971821
[GP] Generation 41
0.961536
0.945183
0.955153
0.942118
0.935051
0.963065
0.982737
0.939819
0.962384
0.933625
0.93575
0.903923
0.906192
0.949769
0.90195
0.899245
0.922737
0.982381
0.914305
0.918571
0.924596
0.938685
0.936923
0.924309
0.921158
0.940309
0.924962
0.971821
0.94503
0.924417
[Min Report]0.933625 0.899245 0.921158
[Max Report]0.982737 0.982381 0.971821
[Avg Report]0.952067 0.923482 0.935221
[Best Report] 0.982737 0.982381 0.971821
[GP] Generation 42
0.961536
0.945183
0.955153
0.942118
0.935051
0.963065
0.982737
0.939819
0.962384
0.933625
0.93575
0.903923
0.906192
0.949769
0.90195
0.899245
0.922737
0.982381
0.914305
0.918571
0.924596
0.938685
0.936923
0.924309
0.921158
0.940309
0.924962
0.971821
0.94503
0.924417
[Min Report]0.933625 0.899245 0.921158
[Max Report]0.982737 0.982381 0.971821
[Avg Report]0.952067 0.923482 0.935221
[Best Report] 0.982737 0.982381 0.971821
[GP] Generation 43
0.961536
0.945183
0.955153
0.942118
0.935051
0.963065
0.982737
0.939819
0.962384
0.933625
0.93575
0.903923
0.906192
0.949769
0.90195
0.899245
0.922737
0.982381
0.914305
0.918571
0.924596
0.938685
0.936923
0.924309
0.921158
0.940309
0.924962
0.971821
0.94503
0.924417
[Min Report]0.933625 0.899245 0.921158
[Max Report]0.982737 0.982381 0.971821
[Avg Report]0.952067 0.923482 0.935221
[Best Report] 0.982737 0.982381 0.971821
[GP] Generation 44
0.961536
0.945183
0.955153
0.942118
0.935051
0.963065
0.982737
0.939819
0.962384
0.933625
0.93575
0.903923
0.906192
0.949769
0.90195
0.909583
0.922737
0.982381
0.914305
0.918571
0.924596
0.938685
0.936923
0.924309
0.921158
0.940309
0.924962
0.971821
0.94503
0.924417
[Min Report]0.933625 0.90195 0.921158
[Max Report]0.982737 0.982381 0.971821
[Avg Report]0.952067 0.924516 0.935221
[Best Report] 0.982737 0.982381 0.971821
[GP] Generation 45
0.961536
0.945183
0.955153
0.942118
0.935051
0.963065
0.982737
0.939819
0.962384
0.933625
0.93575
0.903923
0.906192
0.949769
0.90195
0.909583
0.922737
0.982381
0.914305
0.918571
0.924596
0.938685
0.936923
0.924309
0.921158
0.940309
0.924962
0.971821
0.94503
0.924417
[Min Report]0.933625 0.90195 0.921158
[Max Report]0.982737 0.982381 0.971821
[Avg Report]0.952067 0.924516 0.935221
[Best Report] 0.982737 0.982381 0.971821
[GP] Generation 46
0.961536
0.945183
0.955153
0.942118
0.935051
0.963065
0.982737
0.939819
0.962384
0.934938
0.93575
0.903923
0.906192
0.949769
0.90195
0.909583
0.922737
0.982381
0.914305
0.918571
0.924596
0.938685
0.936923
0.924309
0.921158
0.940309
0.924962
0.971821
0.94503
0.924417
[Min Report]0.934938 0.90195 0.921158
[Max Report]0.982737 0.982381 0.971821
[Avg Report]0.952198 0.924516 0.935221
[Best Report] 0.982737 0.982381 0.971821
[GP] Generation 47
0.961536
0.945183
0.955153
0.942118
0.935051
0.963065
0.982737
0.939819
0.962384
0.934938
0.93575
0.903923
0.906192
0.949769
0.90195
0.909583
0.922737
0.982381
0.914305
0.918571
0.924596
0.938685
0.936923
0.924309
0.921158
0.940309
0.924962
0.971821
0.94503
0.924417
[Min Report]0.934938 0.90195 0.921158
[Max Report]0.982737 0.982381 0.971821
[Avg Report]0.952198 0.924516 0.935221
[Best Report] 0.982737 0.982381 0.971821
[GP] Generation 48
0.961536
0.945183
0.955153
0.942118
0.935051
0.963065
0.982737
0.939819
0.962384
0.934938
0.93575
0.903923
0.906192
0.949769
0.90195
0.909583
0.922737
0.982381
0.914305
0.918571
0.924596
0.938685
0.936923
0.924309
0.921158
0.940309
0.924962
0.971821
0.94503
0.924417
[Min Report]0.934938 0.90195 0.921158
[Max Report]0.982737 0.982381 0.971821
[Avg Report]0.952198 0.924516 0.935221
[Best Report] 0.982737 0.982381 0.971821
[GP] Generation 49
0.961536
0.945183
0.955153
0.942118
0.935051
0.963065
0.982737
0.939819
0.962384
0.934938
0.93575
0.903923
0.906192
0.949769
0.90195
0.909583
0.922737
0.982381
0.914305
0.918571
0.924596
0.938685
0.936923
0.924309
0.921158
0.940309
0.924962
0.971821
0.94503
0.924417
[Min Report]0.934938 0.90195 0.921158
[Max Report]0.982737 0.982381 0.971821
[Avg Report]0.952198 0.924516 0.935221
[Best Report] 0.982737 0.982381 0.971821
[GP] Generation 50
0.961536
0.945183
0.955153
0.942118
0.935051
0.963065
0.982737
0.939819
0.962384
0.948162
0.93575
0.903923
0.906192
0.949769
0.90195
0.909583
0.922737
0.982381
0.914305
0.918571
0.924596
0.938685
0.936923
0.924309
0.921158
0.940309
0.924962
0.971821
0.94503
0.924417
[Min Report]0.935051 0.90195 0.921158
[Max Report]0.982737 0.982381 0.971821
[Avg Report]0.953521 0.924516 0.935221
[Best Report] 0.982737 0.982381 0.971821
Write robots, fitness: 0.982737
Write robots, fitness: 0.982381
Write robots, fitness: 0.971821
[GP] Process terminate
[1;35m[1/3] Start up rabbitmq...[0m
[32m925ece88bef91ee2fd5c43e90f79efeb5e309337d457ca6c6771193c7c8fc4e1[0m
[33m[info] Wait 10 second for service rabbitmq[0m
[33m[info] Wait 9 second for service rabbitmq[0m
[33m[info] Wait 8 second for service rabbitmq[0m
[33m[info] Wait 7 second for service rabbitmq[0m
[33m[info] Wait 6 second for service rabbitmq[0m
[33m[info] Wait 5 second for service rabbitmq[0m
[33m[info] Wait 4 second for service rabbitmq[0m
[33m[info] Wait 3 second for service rabbitmq[0m
[33m[info] Wait 2 second for service rabbitmq[0m
[33m[info] Wait 1 second for service rabbitmq[0m
[1;35m[2/3] Start up robocode-source...[0m
[32me77b58519a644cb8836ef388acac0b9a24145b6f31b68aa9cd378e5d307afe73[0m
[1;35m[3/3] Start up controlengine...[0m
[32m0ffa37f8099475d82b469f37438bfd80e217cf27c93fc2b68b1b2a5348c3515c[0m
[1;35m[All process state][0m
[33mCONTAINER ID        IMAGE                            COMMAND                CREATED                  STATUS                        PORTS               NAMES
0ffa37f80994        rf37535/robocode:controlengine   "bash -c 'cd /source   Less than a second ago   Up Less than a second                             controlengine        
e77b58519a64        rf37535/dummy:latest             "/true"                1 seconds ago                                                              robocode-source      
925ece88bef9        rf37535/rabbitmq:latest          "/docker-entrypoint.   11 seconds ago           Up 10 seconds                 5672/tcp            rabbitmq             
ed098363e280        rf37535/build:latest             "bash -c 'cd /source   46 seconds ago           Exited (137) 39 seconds ago                       prickly_carson       
ad2cbc82a04f        rf37535/build:latest             "bash -c 'cd /source   7 hours ago              Exited (137) 6 hours ago                          backstabbing_morse   
277c13dc156a        rf37535/build:latest             "bash -c 'cd /source   13 hours ago             Exited (137) 13 hours ago                         serene_lumiere       
cc6255ed8f40        rf37535/build:latest             "bash -c 'cd /source   13 hours ago             Exited (137) 13 hours ago                         sick_shockley        
34db59038212        rf37535/build:latest             "bash -c 'cd /source   14 hours ago             Exited (137) 13 hours ago                         romantic_brown       
e63aff29c9e5        rf37535/build:latest             "bash -c 'cd /source   14 hours ago             Exited (137) 14 hours ago                         hopeful_mayer        
52eac87cd17d        rf37535/build:latest             "bash -c 'cd /source   14 hours ago             Exited (137) 14 hours ago                         hungry_shockley      
a2e6ddf8e1c1        rf37535/build:latest             "bash -c 'cd /source   15 hours ago             Exited (137) 14 hours ago                         reverent_thompson    
ea61d23ae145        rf37535/build:latest             "bash -c 'cd /source   15 hours ago             Exited (137) 15 hours ago                         suspicious_bartik    
311aa8982cd6        rf37535/build:latest             "bash -c 'cd /source   15 hours ago             Exited (137) 15 hours ago                         angry_swartz[0m
[1;35m[info] Building source...[0m
[32m[0m
[1;35m[info] Running...[0m
[32m[0m
[1;35m[info] Building source...[0m
[32m[0m
[1;35m[1/3] Clean up rabbitmq...[0m
[32mrabbitmq[0m
[1;35m[2/3] Clean up robocode-source...[0m
[32mrobocode-source[0m
[1;35m[3/3] Clean up controlengine...[0m
[32mcontrolengine[0m

Done.
