[GP] initializeing...
Done
[GP] Evolving...
[GP] Generation 0
0.498792
0.054819
0.177688
0.446062
0.379214
0.67162
0.395799
0.11437
0.372424
0.644963
1.20745e-08
0.516614
0.206743
0.0999664
0.0536219
0.303566
0.0392673
0.509529
0.566138
0.285672
0.689779
0.295589
0.350881
0.226373
0.312387
0.0974403
0.884681
0.172566
0.099217
0.282828
[Min Report]0.054819 1.20745e-08 0.0974403
[Max Report]0.67162 0.566138 0.884681
[Avg Report]0.375575 0.258112 0.341174
[Best Report] 0.67162 0.566138 0.884681
[GP] Generation 1
0.498792
0.431105
0.423196
0.446062
0.379214
0.67162
0.395799
0.426338
0.372424
0.644963
0.844938
0.516614
0.295007
0.306186
0.482063
0.303566
0.512656
0.509529
0.566138
0.285672
0.689779
0.414148
0.350881
0.493332
0.381006
0.673083
0.884681
0.50651
0.5312
0.434153
[Min Report]0.372424 0.285672 0.350881
[Max Report]0.67162 0.844938 0.884681
[Avg Report]0.468951 0.462237 0.535877
[Best Report] 0.67162 0.844938 0.884681
[GP] Generation 2
0.498792
0.467063
0.570246
0.446062
0.617718
0.67162
0.607374
0.47113
0.750483
0.644963
0.844938
0.516614
0.607766
0.482867
0.482063
0.582964
0.512656
0.509529
0.566138
0.651187
0.689779
0.569516
0.877079
0.503279
0.574256
0.673083
0.884681
0.50651
0.5312
0.508066
[Min Report]0.446062 0.482063 0.503279
[Max Report]0.750483 0.844938 0.884681
[Avg Report]0.574545 0.575672 0.631745
[Best Report] 0.750483 0.844938 0.884681
[GP] Generation 3
0.542538
0.602001
0.570246
0.757534
0.617718
0.67162
0.607374
0.599657
0.750483
0.644963
0.844938
0.516614
0.607766
0.518498
0.597214
0.582964
0.512656
0.509529
0.566138
0.651187
0.689779
0.569516
0.877079
0.870348
0.574256
0.673083
0.884681
0.848059
0.59439
0.630494
[Min Report]0.542538 0.509529 0.569516
[Max Report]0.757534 0.844938 0.884681
[Avg Report]0.636413 0.59075 0.721169
[Best Report] 0.757534 0.844938 0.884681
[GP] Generation 4
0.761117
0.602001
0.640363
0.757534
0.617718
0.67162
0.607374
0.599657
0.750483
0.644963
0.844938
0.516614
0.607766
0.518498
0.597214
0.582964
0.567213
0.581803
0.566138
0.651187
0.689779
0.8691
0.877079
0.870348
0.716076
0.673083
0.884681
0.848059
0.684459
0.647224
[Min Report]0.599657 0.516614 0.647224
[Max Report]0.761117 0.844938 0.884681
[Avg Report]0.665283 0.603433 0.775989
[Best Report] 0.761117 0.844938 0.884681
[GP] Generation 5
0.761117
0.707514
0.640363
0.757534
0.666906
0.67162
0.685638
0.794501
0.750483
0.644963
0.844938
0.806908
0.607766
0.727358
0.597214
0.582964
0.567213
0.581803
0.583886
0.651187
0.736411
0.8691
0.877079
0.870348
0.720794
0.873028
0.884681
0.848059
0.75591
0.89015
[Min Report]0.640363 0.567213 0.720794
[Max Report]0.794501 0.844938 0.89015
[Avg Report]0.708064 0.655124 0.832556
[Best Report] 0.794501 0.844938 0.89015
[GP] Generation 6
0.761117
0.707514
0.862956
0.757534
0.742859
0.730187
0.685638
0.794501
0.750483
0.833097
0.844938
0.806908
0.607766
0.727358
0.597214
0.648456
0.69635
0.685084
0.583886
0.651187
0.764543
0.8691
0.877079
0.870348
0.788594
0.873028
0.884681
0.848059
0.760355
0.89015
[Min Report]0.685638 0.583886 0.760355
[Max Report]0.862956 0.844938 0.89015
[Avg Report]0.762588 0.684915 0.842594
[Best Report] 0.862956 0.844938 0.89015
[GP] Generation 7
0.761117
0.707514
0.862956
0.757534
0.742859
0.730187
0.685638
0.794501
0.750483
0.833097
0.844938
0.806908
0.607766
0.727358
0.597214
0.648456
0.69635
0.685084
0.741059
0.651187
0.764543
0.8691
0.877079
0.870348
0.788594
0.873028
0.884681
0.848059
0.760355
0.89015
[Min Report]0.685638 0.597214 0.760355
[Max Report]0.862956 0.844938 0.89015
[Avg Report]0.762588 0.700632 0.842594
[Best Report] 0.862956 0.844938 0.89015
[GP] Generation 8
0.761117
0.845395
0.862956
0.757534
0.742859
0.736884
0.880931
0.794501
0.750483
0.833097
0.844938
0.806908
0.629735
0.727358
0.657181
0.648456
0.69635
0.685084
0.741059
0.651187
0.782728
0.8691
0.877079
0.870348
0.788594
0.873028
0.884681
0.848059
0.784072
0.89015
[Min Report]0.736884 0.629735 0.782728
[Max Report]0.880931 0.844938 0.89015
[Avg Report]0.796576 0.708826 0.846784
[Best Report] 0.880931 0.844938 0.89015
[GP] Generation 9
0.761117
0.845395
0.862956
0.757534
0.793911
0.899401
0.880931
0.794501
0.750483
0.833097
0.844938
0.806908
0.852824
0.727358
0.657181
0.693735
0.69635
0.685084
0.741059
0.691227
0.890227
0.8691
0.877079
0.870348
0.788594
0.873028
0.884681
0.848059
0.784223
0.89015
[Min Report]0.750483 0.657181 0.784223
[Max Report]0.899401 0.852824 0.890227
[Avg Report]0.817933 0.739666 0.857549
[Best Report] 0.899401 0.852824 0.890227
[GP] Generation 10
0.761117
0.845395
0.862956
0.757534
0.793911
0.899401
0.880931
0.794501
0.750483
0.833097
0.844938
0.806908
0.852824
0.727358
0.697597
0.693735
0.69635
0.685084
0.741059
0.691227
0.890227
0.8691
0.877079
0.870348
0.788594
0.873028
0.884681
0.848059
0.822955
0.89015
[Min Report]0.750483 0.685084 0.788594
[Max Report]0.899401 0.852824 0.890227
[Avg Report]0.817933 0.743708 0.861422
[Best Report] 0.899401 0.852824 0.890227
[GP] Generation 11
0.761117
0.845395
0.862956
0.757534
0.793911
0.899401
0.880931
0.794501
0.750483
0.833097
0.844938
0.806908
0.852824
0.727358
0.697597
0.693735
0.69635
0.866761
0.741059
0.691227
0.890227
0.8691
0.877079
0.870348
0.788594
0.873028
0.884681
0.848059
0.822955
0.89015
[Min Report]0.750483 0.691227 0.788594
[Max Report]0.899401 0.866761 0.890227
[Avg Report]0.817933 0.761876 0.861422
[Best Report] 0.899401 0.866761 0.890227
[GP] Generation 12
0.761117
0.845395
0.862956
0.757534
0.793911
0.899401
0.880931
0.794501
0.763122
0.833097
0.844938
0.806908
0.852824
0.727358
0.697597
0.693735
0.69635
0.866761
0.741059
0.691227
0.890227
0.8691
0.877079
0.870348
0.880048
0.873028
0.884681
0.848059
0.879486
0.89015
[Min Report]0.757534 0.691227 0.848059
[Max Report]0.899401 0.866761 0.890227
[Avg Report]0.819196 0.761876 0.876221
[Best Report] 0.899401 0.866761 0.890227
[GP] Generation 13
0.835434
0.845395
0.862956
0.845462
0.793911
0.899401
0.880931
0.794501
0.776649
0.833097
0.844938
0.806908
0.852824
0.727358
0.697597
0.693735
0.69635
0.866761
0.741059
0.691227
0.890227
0.8691
0.877079
0.870348
0.880048
0.873028
0.884681
0.925379
0.879486
0.89015
[Min Report]0.776649 0.691227 0.8691
[Max Report]0.899401 0.866761 0.925379
[Avg Report]0.836774 0.761876 0.883953
[Best Report] 0.899401 0.866761 0.925379
[GP] Generation 14
0.835434
0.845395
0.862956
0.845462
0.793911
0.899401
0.880931
0.794501
0.8074
0.833097
0.844938
0.806908
0.852824
0.727358
0.701189
0.708133
0.70293
0.866761
0.741059
0.928219
0.890227
0.8691
0.877079
0.870348
0.880048
0.873028
0.884681
0.925379
0.879486
0.89015
[Min Report]0.793911 0.701189 0.8691
[Max Report]0.899401 0.928219 0.925379
[Avg Report]0.839849 0.788032 0.883953
[Best Report] 0.899401 0.928219 0.925379
[GP] Generation 15
0.835434
0.845395
0.862956
0.845462
0.793911
0.899401
0.880931
0.794501
0.8074
0.833097
0.844938
0.806908
0.852824
0.727358
0.863517
0.708133
0.768172
0.866761
0.741059
0.928219
0.890227
0.8691
0.877079
0.870348
0.880048
0.873028
0.884681
0.925379
0.879486
0.89015
[Min Report]0.793911 0.708133 0.8691
[Max Report]0.899401 0.928219 0.925379
[Avg Report]0.839849 0.810789 0.883953
[Best Report] 0.899401 0.928219 0.925379
[GP] Generation 16
0.835434
0.845395
0.862956
0.845462
0.834524
0.899401
0.880931
0.811608
0.8074
0.833097
0.844938
0.806908
0.852824
0.773872
0.863517
0.800253
0.768172
0.866761
0.741059
0.928219
0.890227
0.8691
0.877079
0.870348
0.880048
0.873028
0.884681
0.925379
0.879486
0.89015
[Min Report]0.8074 0.741059 0.8691
[Max Report]0.899401 0.928219 0.925379
[Avg Report]0.845621 0.824652 0.883953
[Best Report] 0.899401 0.928219 0.925379
[GP] Generation 17
0.835434
0.845395
0.862956
0.845462
0.834524
0.899401
0.880931
0.841427
0.842738
0.833097
0.844938
0.806908
0.852824
0.773872
0.863517
0.800253
0.798192
0.866761
0.856097
0.928219
0.890227
0.872437
0.877079
0.870348
0.880048
0.873028
0.884681
0.925379
0.879486
0.89015
[Min Report]0.833097 0.773872 0.870348
[Max Report]0.899401 0.928219 0.925379
[Avg Report]0.852136 0.839158 0.884286
[Best Report] 0.899401 0.928219 0.925379
[GP] Generation 18
0.835434
0.845395
0.862956
0.845462
0.834524
0.899401
0.880931
0.841427
0.842738
0.833097
0.844938
0.806908
0.852824
0.815217
0.863517
0.800253
0.798192
0.866761
0.856097
0.928219
0.890227
0.872437
0.877079
0.870348
0.880048
0.873028
0.884681
0.925379
0.879486
0.89015
[Min Report]0.833097 0.798192 0.870348
[Max Report]0.899401 0.928219 0.925379
[Avg Report]0.852136 0.843293 0.884286
[Best Report] 0.899401 0.928219 0.925379
[GP] Generation 19
0.835434
0.845395
0.862956
0.845462
0.834524
0.899401
0.880931
0.841427
0.842738
0.848186
0.844938
0.806908
0.852824
0.815217
0.863517
0.800253
0.94295
0.866761
0.856097
0.928219
0.890227
0.872437
0.877079
0.870348
0.880048
0.873028
0.884681
0.925379
0.879486
0.89015
[Min Report]0.834524 0.800253 0.870348
[Max Report]0.899401 0.94295 0.925379
[Avg Report]0.853645 0.857769 0.884286
[Best Report] 0.899401 0.94295 0.925379
[GP] Generation 20
0.835434
0.845395
0.862956
0.845462
0.834524
0.899401
0.880931
0.841427
0.842738
0.848186
0.844938
0.806908
0.852824
0.815217
0.863517
0.800253
0.94295
0.866761
0.856097
0.928219
0.890227
0.891965
0.877079
0.916138
0.880048
0.873028
0.884681
0.925379
0.879486
0.89015
[Min Report]0.834524 0.800253 0.873028
[Max Report]0.899401 0.94295 0.925379
[Avg Report]0.853645 0.857769 0.890818
[Best Report] 0.899401 0.94295 0.925379
[GP] Generation 21
0.835434
0.845395
0.862956
0.845462
0.834524
0.899401
0.880931
0.841427
0.842738
0.848186
0.844938
0.806908
0.852824
0.815217
0.863517
0.855889
0.94295
0.866761
0.856097
0.928219
0.890227
0.891965
0.877079
0.916138
0.880048
0.873028
0.884681
0.925379
0.879486
0.89015
[Min Report]0.834524 0.806908 0.873028
[Max Report]0.899401 0.94295 0.925379
[Avg Report]0.853645 0.863332 0.890818
[Best Report] 0.899401 0.94295 0.925379
[GP] Generation 22
0.835434
0.845395
0.862956
0.845462
0.834524
0.899401
0.880931
0.841427
0.842738
0.848186
0.844938
0.806908
0.852824
0.815217
0.863517
0.855889
0.94295
0.866761
0.856097
0.928219
0.890227
0.891965
0.877079
0.916138
0.880048
0.87461
0.884681
0.925379
0.879486
0.89015
[Min Report]0.834524 0.806908 0.87461
[Max Report]0.899401 0.94295 0.925379
[Avg Report]0.853645 0.863332 0.890976
[Best Report] 0.899401 0.94295 0.925379
[GP] Generation 23
0.835434
0.845395
0.862956
0.845462
0.834524
0.899401
0.880931
0.841427
0.842738
0.848186
0.844938
0.806908
0.852824
0.815217
0.863517
0.855889
0.94295
0.866761
0.856097
0.928219
0.890227
0.891965
0.877079
0.916138
0.880048
0.904579
0.884681
0.925379
0.879486
0.89015
[Min Report]0.834524 0.806908 0.877079
[Max Report]0.899401 0.94295 0.925379
[Avg Report]0.853645 0.863332 0.893973
[Best Report] 0.899401 0.94295 0.925379
[GP] Generation 24
0.835434
0.845395
0.862956
0.845462
0.834524
0.899401
0.880931
0.841427
0.842738
0.848186
0.844938
0.969293
0.852824
0.815217
0.863517
0.855889
0.94295
0.866761
0.856097
0.928219
0.890227
0.891965
0.877079
0.916138
0.880048
0.904579
0.884681
0.925379
0.879486
0.89015
[Min Report]0.834524 0.815217 0.877079
[Max Report]0.899401 0.969293 0.925379
[Avg Report]0.853645 0.879571 0.893973
[Best Report] 0.899401 0.969293 0.925379
[GP] Generation 25
0.835434
0.845395
0.862956
0.845462
0.834524
0.899401
0.880931
0.841427
0.842738
0.848186
0.844938
0.969293
0.852824
0.815217
0.863517
0.855889
0.94295
0.866761
0.856097
0.928219
0.890227
0.891965
0.877079
0.916138
0.880048
0.904579
0.884681
0.925379
0.879486
0.89015
[Min Report]0.834524 0.815217 0.877079
[Max Report]0.899401 0.969293 0.925379
[Avg Report]0.853645 0.879571 0.893973
[Best Report] 0.899401 0.969293 0.925379
[GP] Generation 26
0.835434
0.845395
0.862956
0.845462
0.834524
0.899401
0.880931
0.841427
0.842738
0.848186
0.844938
0.969293
0.852824
0.879017
0.863517
0.855889
0.94295
0.866761
0.856097
0.928219
0.890227
0.891965
0.907869
0.916138
0.880048
0.904579
0.884681
0.925379
0.879486
0.89015
[Min Report]0.834524 0.844938 0.879486
[Max Report]0.899401 0.969293 0.925379
[Avg Report]0.853645 0.885951 0.897052
[Best Report] 0.899401 0.969293 0.925379
[GP] Generation 27
0.835434
0.845395
0.862956
0.845462
0.937063
0.899401
0.880931
0.841427
0.842738
0.848186
0.877518
0.969293
0.852824
0.879017
0.863517
0.855889
0.94295
0.866761
0.856097
0.928219
0.890227
0.891965
0.907869
0.916138
0.880048
0.904579
0.884681
0.925379
0.908025
0.89015
[Min Report]0.835434 0.852824 0.880048
[Max Report]0.937063 0.969293 0.925379
[Avg Report]0.863899 0.889209 0.899906
[Best Report] 0.937063 0.969293 0.925379
[GP] Generation 28
0.835434
0.845395
0.862956
0.845462
0.937063
0.899401
0.880931
0.841427
0.842738
0.848186
0.877518
0.969293
0.852824
0.879017
0.863517
0.855889
0.94295
0.866761
0.856097
0.928219
0.890227
0.891965
0.907869
0.916138
0.952967
0.904579
0.884681
0.925379
0.908025
0.89015
[Min Report]0.835434 0.852824 0.884681
[Max Report]0.937063 0.969293 0.952967
[Avg Report]0.863899 0.889209 0.907198
[Best Report] 0.937063 0.969293 0.952967
[GP] Generation 29
0.835434
0.845395
0.862956
0.845462
0.937063
0.899401
0.880931
0.841427
0.842738
0.848186
0.877518
0.969293
0.852824
0.879017
0.863517
0.855889
0.94295
0.866761
0.856097
0.928219
0.890227
0.891965
0.907869
0.916138
0.952967
0.904579
0.884681
0.925379
0.908025
0.89015
[Min Report]0.835434 0.852824 0.884681
[Max Report]0.937063 0.969293 0.952967
[Avg Report]0.863899 0.889209 0.907198
[Best Report] 0.937063 0.969293 0.952967
[GP] Generation 30
0.835434
0.845395
0.862956
0.845462
0.937063
0.899401
0.880931
0.841427
0.842738
0.848186
0.877518
0.969293
0.884241
0.879017
0.863517
0.855889
0.94295
0.866761
0.856097
0.928219
0.890227
0.891965
0.907869
0.916138
0.952967
0.904579
0.884681
0.925379
0.908025
0.89015
[Min Report]0.835434 0.855889 0.884681
[Max Report]0.937063 0.969293 0.952967
[Avg Report]0.863899 0.89235 0.907198
[Best Report] 0.937063 0.969293 0.952967
[GP] Generation 31
0.835434
0.845395
0.862956
0.845462
0.937063
0.899401
0.880931
0.841427
0.842738
0.848186
0.877518
0.969293
0.884241
0.879017
0.863517
0.855889
0.94295
0.866761
0.856097
0.928219
0.890227
0.891965
0.907869
0.916138
0.952967
0.904579
0.884681
0.925379
0.908025
0.89015
[Min Report]0.835434 0.855889 0.884681
[Max Report]0.937063 0.969293 0.952967
[Avg Report]0.863899 0.89235 0.907198
[Best Report] 0.937063 0.969293 0.952967
[GP] Generation 32
0.927079
0.845395
0.862956
0.845462
0.937063
0.899401
0.880931
0.841427
0.842738
0.848186
0.877518
0.969293
0.884241
0.879017
0.863517
0.855889
0.94295
0.866761
0.856097
0.928219
0.890227
0.891965
0.907869
0.916138
0.952967
0.904579
0.884681
0.925379
0.908025
0.89015
[Min Report]0.841427 0.855889 0.884681
[Max Report]0.937063 0.969293 0.952967
[Avg Report]0.873064 0.89235 0.907198
[Best Report] 0.937063 0.969293 0.952967
[GP] Generation 33
0.927079
0.845395
0.862956
0.845462
0.937063
0.899401
0.880931
0.935469
0.85498
0.848186
0.877518
0.969293
0.884241
0.879017
0.863517
0.855889
0.94295
0.866761
0.856097
0.928219
0.890227
0.891965
0.907869
0.916138
0.952967
0.904579
0.884681
0.925379
0.908025
0.89015
[Min Report]0.845395 0.855889 0.884681
[Max Report]0.937063 0.969293 0.952967
[Avg Report]0.883692 0.89235 0.907198
[Best Report] 0.937063 0.969293 0.952967
[GP] Generation 34
0.927079
0.848382
0.862956
0.845462
0.937063
0.899401
0.880931
0.935469
0.85498
0.848186
0.877518
0.969293
0.884241
0.879017
0.863517
0.859057
0.94295
0.866761
0.856097
0.928219
0.890227
0.891965
0.907869
0.916138
0.952967
0.904579
0.884681
0.925379
0.908025
0.89015
[Min Report]0.845462 0.856097 0.884681
[Max Report]0.937063 0.969293 0.952967
[Avg Report]0.883991 0.892667 0.907198
[Best Report] 0.937063 0.969293 0.952967
[GP] Generation 35
0.927079
0.848382
0.862956
0.845462
0.937063
0.899401
0.880931
0.935469
0.85498
0.848186
0.877518
0.969293
0.884241
0.879017
0.863517
0.859057
0.94295
0.866761
0.863933
0.928219
0.890227
0.891965
0.907869
0.916138
0.952967
0.904579
0.884681
0.925379
0.908025
0.89015
[Min Report]0.845462 0.859057 0.884681
[Max Report]0.937063 0.969293 0.952967
[Avg Report]0.883991 0.893451 0.907198
[Best Report] 0.937063 0.969293 0.952967
[GP] Generation 36
0.927079
0.848382
0.862956
0.845462
0.937063
0.899401
0.880931
0.935469
0.85498
0.848186
0.877518
0.969293
0.884241
0.879017
0.863517
0.859057
0.94295
0.866761
0.863933
0.928219
0.890227
0.891965
0.907869
0.916138
0.952967
0.904579
0.884681
0.925379
0.908025
0.89015
[Min Report]0.845462 0.859057 0.884681
[Max Report]0.937063 0.969293 0.952967
[Avg Report]0.883991 0.893451 0.907198
[Best Report] 0.937063 0.969293 0.952967
[GP] Generation 37
0.927079
0.848382
0.862956
0.845462
0.937063
0.899401
0.880931
0.935469
0.85498
0.848186
0.877518
0.969293
0.884241
0.879017
0.863517
0.859057
0.94295
0.866761
0.863933
0.928219
0.890227
0.891965
0.907869
0.916138
0.952967
0.904579
0.914678
0.925379
0.908025
0.89015
[Min Report]0.845462 0.859057 0.89015
[Max Report]0.937063 0.969293 0.952967
[Avg Report]0.883991 0.893451 0.910198
[Best Report] 0.937063 0.969293 0.952967
[GP] Generation 38
0.927079
0.848382
0.862956
0.860989
0.937063
0.899401
0.880931
0.935469
0.85498
0.848186
0.877518
0.969293
0.884241
0.879017
0.863517
0.859057
0.94295
0.866761
0.863933
0.928219
0.890227
0.891965
0.907869
0.916138
0.952967
0.904579
0.914678
0.925379
0.908025
0.89015
[Min Report]0.848186 0.859057 0.89015
[Max Report]0.937063 0.969293 0.952967
[Avg Report]0.885544 0.893451 0.910198
[Best Report] 0.937063 0.969293 0.952967
[GP] Generation 39
0.927079
0.848382
0.862956
0.860989
0.937063
0.899401
0.880931
0.935469
0.85498
0.848186
0.877518
0.969293
0.884241
0.879017
0.863517
0.859057
0.94295
0.866761
0.863933
0.928219
0.890227
0.891965
0.907869
0.916138
0.952967
0.904579
0.914678
0.925379
0.908025
0.89015
[Min Report]0.848186 0.859057 0.89015
[Max Report]0.937063 0.969293 0.952967
[Avg Report]0.885544 0.893451 0.910198
[Best Report] 0.937063 0.969293 0.952967
[GP] Generation 40
0.927079
0.848382
0.862956
0.860989
0.937063
0.899401
0.880931
0.935469
0.85498
0.848186
0.877518
0.969293
0.884241
0.879017
0.863517
0.859057
0.94295
0.866761
0.863933
0.928219
0.890227
0.891965
0.907869
0.916138
0.952967
0.904579
0.914678
0.925379
0.908025
0.918872
[Min Report]0.848186 0.859057 0.890227
[Max Report]0.937063 0.969293 0.952967
[Avg Report]0.885544 0.893451 0.91307
[Best Report] 0.937063 0.969293 0.952967
[GP] Generation 41
0.927079
0.848382
0.862956
0.860989
0.937063
0.899401
0.880931
0.935469
0.85498
0.848186
0.877518
0.969293
0.884241
0.879017
0.863517
0.859057
0.94295
0.866761
0.863933
0.928219
0.890227
0.891965
0.907869
0.916138
0.952967
0.904579
0.914678
0.925379
0.908025
0.918872
[Min Report]0.848186 0.859057 0.890227
[Max Report]0.937063 0.969293 0.952967
[Avg Report]0.885544 0.893451 0.91307
[Best Report] 0.937063 0.969293 0.952967
[GP] Generation 42
0.927079
0.848382
0.862956
0.860989
0.937063
0.899401
0.880931
0.935469
0.85498
0.848186
0.877518
0.969293
0.884241
0.879017
0.863517
0.859057
0.94295
0.866761
0.863933
0.928219
0.890227
0.891965
0.907869
0.916138
0.952967
0.904579
0.914678
0.925379
0.908025
0.918872
[Min Report]0.848186 0.859057 0.890227
[Max Report]0.937063 0.969293 0.952967
[Avg Report]0.885544 0.893451 0.91307
[Best Report] 0.937063 0.969293 0.952967
[GP] Generation 43
0.927079
0.860064
0.862956
0.860989
0.937063
0.899401
0.880931
0.935469
0.85498
0.911225
0.877518
0.969293
0.884241
0.879017
0.863517
0.877405
0.94295
0.866761
0.863933
0.928219
0.908745
0.891965
0.907869
0.916138
0.952967
0.904579
0.914678
0.925379
0.908025
0.918872
[Min Report]0.85498 0.863517 0.891965
[Max Report]0.937063 0.969293 0.952967
[Avg Report]0.893016 0.895285 0.914922
[Best Report] 0.937063 0.969293 0.952967
[GP] Generation 44
0.927079
0.864115
0.862956
0.860989
0.937063
0.899401
0.880931
0.935469
0.897602
0.911225
0.877518
0.969293
0.884241
0.879017
0.863517
0.877405
0.94295
0.866761
0.863933
0.928219
0.908745
0.891965
0.907869
0.916138
0.952967
0.904579
0.914678
0.925379
0.908025
0.918872
[Min Report]0.860989 0.863517 0.891965
[Max Report]0.937063 0.969293 0.952967
[Avg Report]0.897683 0.895285 0.914922
[Best Report] 0.937063 0.969293 0.952967
[GP] Generation 45
0.927079
0.864115
0.862956
0.860989
0.937063
0.899401
0.880931
0.935469
0.897602
0.911225
0.877518
0.969293
0.884241
0.879017
0.865657
0.877405
0.94295
0.866761
0.863933
0.928219
0.908745
0.891965
0.907869
0.916138
0.952967
0.904579
0.914678
0.925379
0.908025
0.918872
[Min Report]0.860989 0.863933 0.891965
[Max Report]0.937063 0.969293 0.952967
[Avg Report]0.897683 0.895499 0.914922
[Best Report] 0.937063 0.969293 0.952967
[GP] Generation 46
0.927079
0.864115
0.889761
0.927732
0.937063
0.899401
0.880931
0.935469
0.897602
0.911225
0.877518
0.969293
0.884241
0.879017
0.865657
0.877405
0.94295
0.866761
0.863933
0.928219
0.908745
0.891965
0.907869
0.916138
0.952967
0.904579
0.914678
0.925379
0.908025
0.918872
[Min Report]0.864115 0.863933 0.891965
[Max Report]0.937063 0.969293 0.952967
[Avg Report]0.907038 0.895499 0.914922
[Best Report] 0.937063 0.969293 0.952967
[GP] Generation 47
0.927079
0.864115
0.889761
0.927732
0.937063
0.899401
0.880931
0.935469
0.897602
0.911225
0.877518
0.969293
0.884241
0.879017
0.876638
0.877405
0.94295
0.866761
0.892546
0.928219
0.908745
0.891965
0.907869
0.916138
0.952967
0.904579
0.914678
0.925379
0.908025
0.918872
[Min Report]0.864115 0.866761 0.891965
[Max Report]0.937063 0.969293 0.952967
[Avg Report]0.907038 0.899459 0.914922
[Best Report] 0.937063 0.969293 0.952967
[GP] Generation 48
0.927079
0.864115
0.889761
0.927732
0.937063
0.899401
0.880931
0.935469
0.897602
0.911225
0.877518
0.969293
0.884241
0.879017
0.876638
0.877405
0.94295
0.866761
0.892546
0.928219
0.908745
0.891965
0.907869
0.916138
0.952967
0.904579
0.914678
0.925379
0.908025
0.918872
[Min Report]0.864115 0.866761 0.891965
[Max Report]0.937063 0.969293 0.952967
[Avg Report]0.907038 0.899459 0.914922
[Best Report] 0.937063 0.969293 0.952967
[GP] Generation 49
0.927079
0.864115
0.889761
0.927732
0.937063
0.899401
0.880931
0.935469
0.897602
0.911225
0.877518
0.969293
0.884241
0.879017
0.876638
0.877405
0.94295
0.873584
0.892546
0.928219
0.908745
0.891965
0.907869
0.916138
0.952967
0.904579
0.914678
0.925379
0.908025
0.918872
[Min Report]0.864115 0.873584 0.891965
[Max Report]0.937063 0.969293 0.952967
[Avg Report]0.907038 0.900141 0.914922
[Best Report] 0.937063 0.969293 0.952967
[GP] Generation 50
0.927079
0.864115
0.889761
0.927732
0.937063
0.899401
0.880931
0.935469
0.897602
0.911225
0.877518
0.969293
0.884241
0.879017
0.876638
0.877405
0.94295
0.873584
0.892546
0.928219
0.908745
0.894192
0.907869
0.916138
0.952967
0.904579
0.914678
0.925379
0.908025
0.918872
[Min Report]0.864115 0.873584 0.894192
[Max Report]0.937063 0.969293 0.952967
[Avg Report]0.907038 0.900141 0.915144
[Best Report] 0.937063 0.969293 0.952967
[GP] Process terminate
[1;35m[1/3] Start up rabbitmq...[0m
[32mba10f1ad5c340699455816b35f9c160ad1cbea269ca80736ffadc1c1b58a6692[0m
[33m[info] Wait 10 second for service rabbitmq[0m
[33m[info] Wait 9 second for service rabbitmq[0m
[33m[info] Wait 8 second for service rabbitmq[0m
[33m[info] Wait 7 second for service rabbitmq[0m
[33m[info] Wait 6 second for service rabbitmq[0m
[33m[info] Wait 5 second for service rabbitmq[0m
[33m[info] Wait 4 second for service rabbitmq[0m
[33m[info] Wait 3 second for service rabbitmq[0m
[33m[info] Wait 2 second for service rabbitmq[0m
[33m[info] Wait 1 second for service rabbitmq[0m
[1;35m[2/3] Start up robocode-source...[0m
[32m375e8b8923673ec078f2303ea704c5e1774bdec709a2feb072089be075e0bd3f[0m
[1;35m[3/3] Start up controlengine...[0m
[32mbb7e744fe0a1b1ce8ab774301afdb4756ae9a88486b27ed66ebf511c427b9b66[0m
[1;35m[All process state][0m
[33mCONTAINER ID        IMAGE                            COMMAND                CREATED                  STATUS                      PORTS               NAMES
bb7e744fe0a1        rf37535/robocode:controlengine   "bash -c 'cd /source   Less than a second ago   Up Less than a second                           controlengine        
375e8b892367        rf37535/dummy:latest             "/true"                Less than a second ago                                                   robocode-source      
ba10f1ad5c34        rf37535/rabbitmq:latest          "/docker-entrypoint.   10 seconds ago           Up 10 seconds               5672/tcp            rabbitmq             
ad2cbc82a04f        rf37535/build:latest             "bash -c 'cd /source   3 hours ago              Exited (137) 3 hours ago                        backstabbing_morse   
277c13dc156a        rf37535/build:latest             "bash -c 'cd /source   9 hours ago              Exited (137) 9 hours ago                        serene_lumiere       
cc6255ed8f40        rf37535/build:latest             "bash -c 'cd /source   10 hours ago             Exited (137) 10 hours ago                       sick_shockley        
34db59038212        rf37535/build:latest             "bash -c 'cd /source   11 hours ago             Exited (137) 10 hours ago                       romantic_brown       
e63aff29c9e5        rf37535/build:latest             "bash -c 'cd /source   11 hours ago             Exited (137) 11 hours ago                       hopeful_mayer        
52eac87cd17d        rf37535/build:latest             "bash -c 'cd /source   11 hours ago             Exited (137) 11 hours ago                       hungry_shockley      
a2e6ddf8e1c1        rf37535/build:latest             "bash -c 'cd /source   11 hours ago             Exited (137) 11 hours ago                       reverent_thompson    
ea61d23ae145        rf37535/build:latest             "bash -c 'cd /source   11 hours ago             Exited (137) 11 hours ago                       suspicious_bartik    
311aa8982cd6        rf37535/build:latest             "bash -c 'cd /source   12 hours ago             Exited (137) 12 hours ago                       angry_swartz[0m
[1;35m[info] Building source...[0m
[32m[0m
[1;35m[info] Running...[0m
[32m[0m
[1;35m[info] Building source...[0m
[32m[0m
[1;35m[1/3] Clean up rabbitmq...[0m
[32mrabbitmq[0m
[1;35m[2/3] Clean up robocode-source...[0m
[32mrobocode-source[0m
[1;35m[3/3] Clean up controlengine...[0m
[32mcontrolengine[0m

Done.
